Molecule H4_STO3G: 
overwrite output file: h4_sto3g.out
Selected 13 CIs out of 13 total CIs
Condition number of S matrix:  38.61342649168885
CASCI energy: -2.18344705489128454
LASSCF energy: -2.18247984175523069
Total excitations: 146
Selected excitations: 12
LAS-USCCSD-VQE energy: -2.18342595282445151
LAS-USCCSD-NOSI energy: -2.18342170713553818
NOSI vector:  [-0.00750601+0.j  0.05318384+0.j  0.17487274+0.j -0.0230967 +0.j
  0.66640983+0.j -0.34176739+0.j  0.54822618+0.j -0.08446783+0.j
  0.60777989+0.j  0.39940927+0.j -0.13679253+0.j  0.18751046+0.j
  0.04165188+0.j]
Minimum State energy: -2.18247984175522980
Selected gradients:
 [-5.36748948e-07 -5.36748948e-07 -4.86122485e-05 -4.86122485e-05
  6.14316146e-05  6.14316146e-05  4.11193547e-07  4.11193547e-07
  4.32624922e-03 -4.32624922e-03  5.98924966e-04 -5.98924966e-04
  5.46429990e-05 -1.92991154e-04  1.92991154e-04 -1.69449607e-02
  1.69449607e-02  1.62630326e-19 -1.62630326e-19 -1.07464619e-03
  1.50992155e-04  1.50992155e-04 -3.31488446e-21 -9.12202227e-22
  1.50992155e-04  1.50992155e-04  4.32571247e-03  1.34605430e-22
  4.32571247e-03  4.32571247e-03  1.09975975e-22  4.32571247e-03
 -1.35525272e-20  1.35525272e-20 -2.93966899e-03 -2.93966899e-03
  3.80799371e-22  1.88318755e-22 -2.93966899e-03 -2.93966899e-03
 -1.31559540e-04 -8.98702617e-22 -1.31559540e-04 -1.31559540e-04
 -4.74942571e-22 -1.31559540e-04  0.00000000e+00  5.87747175e-39
 -2.93873588e-39 -2.93873588e-39  1.46936794e-39  0.00000000e+00
 -1.69406589e-21  3.38813179e-21 -2.49379254e-02  2.49379254e-02
 -1.02379906e-04  1.02379906e-04  8.08086958e-04  7.69441113e-04
 -7.69441113e-04  2.93925780e-03 -2.93925780e-03 -2.71050543e-20
  4.06575815e-20  3.96889352e-05  0.00000000e+00 -1.63248668e-04
 -1.63248668e-04  0.00000000e+00  0.00000000e+00 -1.63248668e-04
 -1.63248668e-04 -4.32571247e-03  4.32571247e-03 -8.37143191e-05
 -8.37143191e-05  5.42101086e-20  5.42101086e-20 -8.37143191e-05
 -8.37143191e-05 -1.98350297e-02 -2.03108219e-02  4.75792190e-04
  4.75792190e-04 -2.03108219e-02 -1.98350297e-02  1.92991154e-04
 -2.17026087e-22  1.92991154e-04  1.92991154e-04 -1.41673640e-21
  1.92991154e-04  2.39802700e-02 -2.39802700e-02  0.00000000e+00
  1.50992155e-04 -1.50992155e-04 -1.61323620e-04 -1.57544525e-04
 -3.77909464e-06 -3.77909464e-06 -1.57544525e-04 -1.61323620e-04
  8.37865249e-05  8.37865249e-05  0.00000000e+00  0.00000000e+00
  8.37865249e-05  8.37865249e-05 -2.93925780e-03  3.98262294e-25
 -2.93925780e-03 -2.93925780e-03  6.90949914e-23 -2.93925780e-03
 -5.76566850e-04  5.76566850e-04  7.40702686e-04 -7.40702686e-04
 -1.62944886e-02  1.62944886e-02  0.00000000e+00  1.63239389e-04
  1.63239389e-04  0.00000000e+00  0.00000000e+00  1.63239389e-04
  1.63239389e-04  4.32624922e-03  4.32624922e-03  5.57185988e-25
 -1.73861172e-23  4.32624922e-03  4.32624922e-03  1.31559540e-04
 -1.31559540e-04  0.00000000e+00 -1.02379906e-04 -1.02379906e-04
 -2.13814335e-22  6.85226897e-24 -1.02379906e-04 -1.02379906e-04
 -2.93966899e-03  2.93966899e-03]





