output file: c2h4n4_lassis_631g.log
LASSCF((3,3),(3,3)) energy = -295.53609835453494
CASCI(6,6) energy = -295.64726956407014
LASSIS energy = -295.63181535733383
SI vector (LASSIS):
[ 6.28298820e-01 -3.23435018e-01 -4.88893913e-04  3.72995328e-04
 -1.36846159e-02  9.66779545e-16  8.89649836e-17  1.69091211e-16
  2.22010807e-16 -8.86328199e-16  7.96066698e-16  1.40855906e-17
 -3.14570977e-17  8.95416273e-03 -3.71590173e-05  9.34110058e-04
  7.66551745e-04  5.84212811e-03 -1.76086731e-04 -6.79594557e-04
 -1.97108626e-04  2.77289388e-03 -3.23435018e-01  3.72995328e-04
 -4.88893914e-04 -1.36846159e-02  2.54629842e-16 -1.54387325e-16
 -2.66353688e-19  6.17024298e-17  7.99598097e-16 -4.61394461e-17
 -6.61988286e-16  1.32483056e-16 -8.95416273e-03 -7.66551746e-04
 -6.79594557e-04  3.71590174e-05 -5.84212811e-03 -1.97108627e-04
  9.34110058e-04 -1.76086731e-04 -2.77289388e-03 -9.08070070e-16
  6.40746385e-16 -5.94837973e-03 -5.94837973e-03 -5.94837973e-03
 -5.94837973e-03  6.28298820e-01 -8.95416273e-03  3.71590173e-05
 -9.34110058e-04 -7.66551745e-04 -5.84212811e-03  1.76086731e-04
  6.79594557e-04  1.97108626e-04 -2.77289388e-03 -8.95416273e-03
  3.71590173e-05 -9.34110058e-04 -7.66551745e-04 -5.84212811e-03
  1.76086731e-04  6.79594557e-04  1.97108626e-04 -2.77289388e-03
 -8.95416273e-03 -7.66551746e-04 -6.79594557e-04  3.71590174e-05
 -5.84212811e-03 -1.97108627e-04  9.34110058e-04 -1.76086731e-04
 -2.77289388e-03  8.95416273e-03  7.66551746e-04  6.79594557e-04
 -3.71590174e-05  5.84212811e-03  1.97108627e-04 -9.34110058e-04
  1.76086731e-04  2.77289388e-03  1.66089211e-15 -5.73749580e-16]
