RHF energy =  -2.1097213412443327
LASSCF energy =  -2.18247984175523
CASCI energy =  -2.18344705489129
LASSCF energy =  -2.1824798417587585

Fraction: 0.01 | Number of excitations: 1
Selected excitations (a_idxs, i_idxs):
  a_idx: [5 1], i_idx: [6 0]
c_f = 

[
  [
    [[ 0.     0.     0.     0.   ]
     [ 0.     0.984 -0.     0.   ]
     [ 0.    -0.    -0.176  0.   ]
     [ 0.     0.     0.     0.   ]]
  ]
  [
    [[ 0.     0.     0.     0.   ]
     [ 0.    -0.983 -0.     0.   ]
     [ 0.    -0.     0.184  0.   ]
     [ 0.     0.     0.     0.   ]]
  ]
]
c_f = 

[
  [
    [[ 0.     0.     0.     0.   ]
     [ 0.     0.984 -0.     0.   ]
     [ 0.    -0.    -0.176  0.   ]
     [ 0.     0.     0.     0.   ]]
  ]
  [
    [[ 0.     0.     0.     0.   ]
     [ 0.    -0.983 -0.     0.   ]
     [ 0.    -0.     0.184  0.   ]
     [ 0.     0.     0.     0.   ]]
  ]
]
c_f = 

[
  [
    [[ 0.     0.     0.     0.   ]
     [ 0.     0.984 -0.     0.   ]
     [ 0.    -0.    -0.176  0.   ]
     [ 0.     0.     0.     0.   ]]
  ]
  [
    [[ 0.     0.     0.     0.   ]
     [ 0.    -0.983 -0.     0.   ]
     [ 0.    -0.     0.184  0.   ]
     [ 0.     0.     0.     0.   ]]
  ]
]
c_f = 

[
  [
    [[ 0.     0.     0.     0.   ]
     [ 0.     0.984 -0.     0.   ]
     [ 0.    -0.    -0.177  0.   ]
     [ 0.     0.     0.     0.   ]]
  ]
  [
    [[ 0.     0.     0.     0.   ]
     [ 0.    -0.983 -0.     0.   ]
     [ 0.     0.     0.184  0.   ]
     [ 0.     0.     0.     0.   ]]
  ]
]
c_f = 

[
  [
    [[ 0.     0.     0.     0.   ]
     [ 0.     0.984 -0.     0.   ]
     [ 0.    -0.    -0.177  0.   ]
     [ 0.     0.     0.     0.   ]]
  ]
  [
    [[ 0.     0.     0.     0.   ]
     [ 0.    -0.983 -0.     0.   ]
     [ 0.     0.     0.184  0.   ]
     [ 0.     0.     0.     0.   ]]
  ]
]
c_f = 

[
  [
    [[ 0.     0.     0.     0.   ]
     [ 0.     0.984  0.     0.   ]
     [ 0.    -0.    -0.177  0.   ]
     [ 0.     0.     0.     0.   ]]
  ]
  [
    [[ 0.     0.     0.     0.   ]
     [ 0.    -0.983 -0.     0.   ]
     [ 0.     0.     0.184  0.   ]
     [ 0.     0.     0.     0.   ]]
  ]
]
c_f = 

[
  [
    [[ 0.     0.     0.     0.   ]
     [ 0.     0.984  0.     0.   ]
     [ 0.    -0.    -0.177  0.   ]
     [ 0.     0.     0.     0.   ]]
  ]
  [
    [[ 0.     0.     0.     0.   ]
     [ 0.    -0.983 -0.     0.   ]
     [ 0.     0.     0.184  0.   ]
     [ 0.     0.     0.     0.   ]]
  ]
]
c_f = 

[
  [
    [[ 0.     0.     0.     0.   ]
     [ 0.     0.984  0.     0.   ]
     [ 0.    -0.    -0.177  0.   ]
     [ 0.     0.     0.     0.   ]]
  ]
  [
    [[ 0.     0.     0.     0.   ]
     [ 0.    -0.983 -0.     0.   ]
     [ 0.     0.     0.184  0.   ]
     [ 0.     0.     0.     0.   ]]
  ]
]
c_f = 

[
  [
    [[ 0.     0.     0.     0.   ]
     [ 0.     0.984  0.     0.   ]
     [ 0.    -0.    -0.177  0.   ]
     [ 0.     0.     0.     0.   ]]
  ]
  [
    [[ 0.     0.     0.     0.   ]
     [ 0.    -0.983 -0.     0.   ]
     [ 0.     0.     0.184  0.   ]
     [ 0.     0.     0.     0.   ]]
  ]
]
c_f = 

[
  [
    [[ 0.     0.     0.     0.   ]
     [ 0.     0.984  0.     0.   ]
     [ 0.    -0.    -0.177  0.   ]
     [ 0.     0.     0.     0.   ]]
  ]
  [
    [[ 0.     0.     0.     0.   ]
     [ 0.    -0.983 -0.     0.   ]
     [ 0.     0.     0.184  0.   ]
     [ 0.     0.     0.     0.   ]]
  ]
]
LASUSCCSD-VQE energy: -2.182605545
Computing S[0, 0] and H[0, 0]
c_f = 

[
  [
    [[ 0.     0.     0.     0.   ]
     [ 0.     0.984 -0.     0.   ]
     [ 0.    -0.    -0.176  0.   ]
     [ 0.     0.     0.     0.   ]]
  ]
  [
    [[ 0.     0.     0.     0.   ]
     [ 0.    -0.983 -0.     0.   ]
     [ 0.    -0.     0.184  0.   ]
     [ 0.     0.     0.     0.   ]]
  ]
]
uilsi = 

[
  [[ 0.     0.     0.     0.     0.     0.     0.     0.     0.     0.
     0.     0.     0.     0.     0.     0.   ]
   [ 0.     0.     0.     0.     0.     0.     0.     0.     0.     0.
     0.     0.     0.     0.     0.     0.   ]
   [ 0.     0.     0.     0.     0.     0.     0.     0.     0.     0.
     0.     0.     0.     0.     0.     0.   ]
   [ 0.     0.     0.     0.     0.     0.     0.     0.     0.     0.
     0.     0.     0.     0.     0.     0.   ]
   [ 0.     0.     0.     0.     0.     0.     0.     0.     0.     0.
     0.     0.     0.     0.     0.     0.   ]
   [ 0.     0.     0.     0.     0.     0.968 -0.     0.     0.     0.
    -0.     0.     0.     0.     0.     0.   ]
   [ 0.     0.     0.     0.     0.    -0.    -0.173  0.     0.    -0.
    -0.     0.     0.     0.     0.     0.   ]
   [ 0.     0.     0.     0.     0.     0.     0.     0.     0.     0.
     0.     0.     0.     0.     0.     0.   ]
   [ 0.     0.     0.     0.     0.     0.     0.     0.     0.     0.
     0.     0.     0.     0.     0.     0.   ]
   [ 0.     0.     0.     0.     0.     0.    -0.     0.     0.    -0.181
     0.     0.     0.     0.     0.     0.   ]
   [ 0.     0.     0.     0.     0.    -0.    -0.     0.     0.     0.
     0.032  0.     0.     0.     0.     0.   ]
   [ 0.     0.     0.     0.     0.     0.     0.     0.     0.     0.
     0.     0.     0.     0.     0.     0.   ]
   [ 0.     0.     0.     0.     0.     0.     0.     0.     0.     0.
     0.     0.     0.     0.     0.     0.   ]
   [ 0.     0.     0.     0.     0.     0.     0.     0.     0.     0.
     0.     0.     0.     0.     0.     0.   ]
   [ 0.     0.     0.     0.     0.     0.     0.     0.     0.     0.
     0.     0.     0.     0.     0.     0.   ]
   [ 0.     0.     0.     0.     0.     0.     0.     0.     0.     0.
     0.     0.     0.     0.     0.     0.   ]]
]
c_f = 

[
  [
    [[ 0.     0.     0.     0.   ]
     [ 0.     0.984 -0.     0.   ]
     [ 0.    -0.    -0.176  0.   ]
     [ 0.     0.     0.     0.   ]]
  ]
  [
    [[ 0.     0.     0.     0.   ]
     [ 0.    -0.983 -0.     0.   ]
     [ 0.    -0.     0.184  0.   ]
     [ 0.     0.     0.     0.   ]]
  ]
]
uilsi = 

[
  [[ 0.     0.     0.     0.     0.     0.     0.     0.     0.     0.
     0.     0.     0.     0.     0.     0.   ]
   [ 0.     0.     0.     0.     0.     0.     0.     0.     0.     0.
     0.     0.     0.     0.     0.     0.   ]
   [ 0.     0.     0.     0.     0.     0.     0.     0.     0.     0.
     0.     0.     0.     0.     0.     0.   ]
   [ 0.     0.     0.     0.     0.     0.     0.     0.     0.     0.
     0.     0.     0.     0.     0.     0.   ]
   [ 0.     0.     0.     0.     0.     0.     0.     0.     0.     0.
     0.     0.     0.     0.     0.     0.   ]
   [ 0.     0.     0.     0.     0.     0.968 -0.     0.     0.     0.
    -0.     0.     0.     0.     0.     0.   ]
   [ 0.     0.     0.     0.     0.    -0.    -0.173  0.     0.    -0.
    -0.     0.     0.     0.     0.     0.   ]
   [ 0.     0.     0.     0.     0.     0.     0.     0.     0.     0.
     0.     0.     0.     0.     0.     0.   ]
   [ 0.     0.     0.     0.     0.     0.     0.     0.     0.     0.
     0.     0.     0.     0.     0.     0.   ]
   [ 0.     0.     0.     0.     0.     0.    -0.     0.     0.    -0.181
     0.     0.     0.     0.     0.     0.   ]
   [ 0.     0.     0.     0.     0.    -0.    -0.     0.     0.     0.
     0.032  0.     0.     0.     0.     0.   ]
   [ 0.     0.     0.     0.     0.     0.     0.     0.     0.     0.
     0.     0.     0.     0.     0.     0.   ]
   [ 0.     0.     0.     0.     0.     0.     0.     0.     0.     0.
     0.     0.     0.     0.     0.     0.   ]
   [ 0.     0.     0.     0.     0.     0.     0.     0.     0.     0.
     0.     0.     0.     0.     0.     0.   ]
   [ 0.     0.     0.     0.     0.     0.     0.     0.     0.     0.
     0.     0.     0.     0.     0.     0.   ]
   [ 0.     0.     0.     0.     0.     0.     0.     0.     0.     0.
     0.     0.     0.     0.     0.     0.   ]]
]
Computing S[0, 1] and H[0, 1]
c_f = 

[
  [
    [[ 0.     0.     0.     0.   ]
     [ 0.     0.984 -0.     0.   ]
     [ 0.    -0.    -0.176  0.   ]
     [ 0.     0.     0.     0.   ]]
  ]
  [
    [[ 0.     0.     0.     0.   ]
     [ 0.    -0.983 -0.     0.   ]
     [ 0.    -0.     0.184  0.   ]
     [ 0.     0.     0.     0.   ]]
  ]
]
uilsi = 

[
  [[ 0.     0.     0.     0.     0.     0.     0.     0.     0.     0.
     0.     0.     0.     0.     0.     0.   ]
   [ 0.     0.     0.     0.     0.     0.     0.     0.     0.     0.
     0.     0.     0.     0.     0.     0.   ]
   [ 0.     0.     0.     0.     0.     0.     0.     0.     0.     0.
     0.     0.     0.     0.     0.     0.   ]
   [ 0.     0.     0.     0.     0.     0.     0.     0.     0.     0.
     0.     0.     0.     0.     0.     0.   ]
   [ 0.     0.     0.     0.     0.     0.     0.     0.     0.     0.
     0.     0.     0.     0.     0.     0.   ]
   [ 0.     0.     0.     0.     0.     0.968 -0.     0.     0.     0.
    -0.     0.     0.     0.     0.     0.   ]
   [ 0.     0.     0.     0.     0.    -0.    -0.173  0.     0.    -0.
    -0.     0.     0.     0.     0.     0.   ]
   [ 0.     0.     0.     0.     0.     0.     0.     0.     0.     0.
     0.     0.     0.     0.     0.     0.   ]
   [ 0.     0.     0.     0.     0.     0.     0.     0.     0.     0.
     0.     0.     0.     0.     0.     0.   ]
   [ 0.     0.     0.     0.     0.     0.    -0.     0.     0.    -0.181
     0.     0.     0.     0.     0.     0.   ]
   [ 0.     0.     0.     0.     0.    -0.    -0.     0.     0.     0.
     0.032  0.     0.     0.     0.     0.   ]
   [ 0.     0.     0.     0.     0.     0.     0.     0.     0.     0.
     0.     0.     0.     0.     0.     0.   ]
   [ 0.     0.     0.     0.     0.     0.     0.     0.     0.     0.
     0.     0.     0.     0.     0.     0.   ]
   [ 0.     0.     0.     0.     0.     0.     0.     0.     0.     0.
     0.     0.     0.     0.     0.     0.   ]
   [ 0.     0.     0.     0.     0.     0.     0.     0.     0.     0.
     0.     0.     0.     0.     0.     0.   ]
   [ 0.     0.     0.     0.     0.     0.     0.     0.     0.     0.
     0.     0.     0.     0.     0.     0.   ]]
]
c_f = 

[
  [
    [[ 0.     0.     0.     0.   ]
     [ 0.     0.984 -0.     0.   ]
     [ 0.    -0.    -0.176  0.   ]
     [ 0.     0.     0.     0.   ]]
  ]
  [
    [[ 0.     0.     0.     0.   ]
     [ 0.    -0.983 -0.     0.   ]
     [ 0.    -0.     0.184  0.   ]
     [ 0.     0.     0.     0.   ]]
  ]
]
uilsi = 

[
  [[ 0.     0.     0.     0.     0.     0.     0.     0.     0.     0.
     0.     0.     0.     0.     0.     0.   ]
   [ 0.     0.     0.     0.     0.     0.     0.     0.     0.     0.
     0.     0.     0.     0.     0.     0.   ]
   [ 0.     0.     0.     0.     0.     0.     0.     0.     0.     0.
     0.     0.     0.     0.     0.     0.   ]
   [ 0.     0.     0.     0.     0.     0.     0.968  0.     0.     0.
     0.     0.     0.     0.     0.     0.   ]
   [ 0.     0.     0.     0.     0.     0.     0.     0.     0.     0.
     0.     0.     0.     0.     0.     0.   ]
   [ 0.     0.     0.     0.     0.     0.    -0.     0.     0.     0.
    -0.     0.     0.     0.     0.     0.   ]
   [ 0.     0.     0.     0.     0.    -0.    -0.173  0.     0.    -0.
    -0.     0.     0.     0.     0.     0.   ]
   [ 0.     0.     0.     0.     0.     0.     0.     0.     0.     0.
     0.     0.     0.     0.     0.     0.   ]
   [ 0.     0.     0.     0.     0.     0.     0.     0.     0.     0.
     0.     0.     0.     0.     0.     0.   ]
   [ 0.     0.     0.     0.     0.     0.    -0.     0.     0.    -0.181
     0.     0.     0.     0.     0.     0.   ]
   [ 0.     0.     0.     0.     0.    -0.    -0.     0.     0.     0.
     0.     0.     0.     0.     0.     0.   ]
   [ 0.     0.     0.     0.     0.     0.     0.     0.     0.     0.
     0.     0.     0.     0.     0.     0.   ]
   [ 0.     0.     0.     0.     0.     0.     0.     0.     0.    -0.032
     0.     0.     0.     0.     0.     0.   ]
   [ 0.     0.     0.     0.     0.     0.     0.     0.     0.     0.
     0.     0.     0.     0.     0.     0.   ]
   [ 0.     0.     0.     0.     0.     0.     0.     0.     0.     0.
     0.     0.     0.     0.     0.     0.   ]
   [ 0.     0.     0.     0.     0.     0.     0.     0.     0.     0.
     0.     0.     0.     0.     0.     0.   ]]
]
Computing S[1, 1] and H[1, 1]
c_f = 

[
  [
    [[ 0.     0.     0.     0.   ]
     [ 0.     0.984 -0.     0.   ]
     [ 0.    -0.    -0.176  0.   ]
     [ 0.     0.     0.     0.   ]]
  ]
  [
    [[ 0.     0.     0.     0.   ]
     [ 0.    -0.983 -0.     0.   ]
     [ 0.    -0.     0.184  0.   ]
     [ 0.     0.     0.     0.   ]]
  ]
]
uilsi = 

[
  [[ 0.     0.     0.     0.     0.     0.     0.     0.     0.     0.
     0.     0.     0.     0.     0.     0.   ]
   [ 0.     0.     0.     0.     0.     0.     0.     0.     0.     0.
     0.     0.     0.     0.     0.     0.   ]
   [ 0.     0.     0.     0.     0.     0.     0.     0.     0.     0.
     0.     0.     0.     0.     0.     0.   ]
   [ 0.     0.     0.     0.     0.     0.     0.968  0.     0.     0.
     0.     0.     0.     0.     0.     0.   ]
   [ 0.     0.     0.     0.     0.     0.     0.     0.     0.     0.
     0.     0.     0.     0.     0.     0.   ]
   [ 0.     0.     0.     0.     0.     0.    -0.     0.     0.     0.
    -0.     0.     0.     0.     0.     0.   ]
   [ 0.     0.     0.     0.     0.    -0.    -0.173  0.     0.    -0.
    -0.     0.     0.     0.     0.     0.   ]
   [ 0.     0.     0.     0.     0.     0.     0.     0.     0.     0.
     0.     0.     0.     0.     0.     0.   ]
   [ 0.     0.     0.     0.     0.     0.     0.     0.     0.     0.
     0.     0.     0.     0.     0.     0.   ]
   [ 0.     0.     0.     0.     0.     0.    -0.     0.     0.    -0.181
     0.     0.     0.     0.     0.     0.   ]
   [ 0.     0.     0.     0.     0.    -0.    -0.     0.     0.     0.
     0.     0.     0.     0.     0.     0.   ]
   [ 0.     0.     0.     0.     0.     0.     0.     0.     0.     0.
     0.     0.     0.     0.     0.     0.   ]
   [ 0.     0.     0.     0.     0.     0.     0.     0.     0.    -0.032
     0.     0.     0.     0.     0.     0.   ]
   [ 0.     0.     0.     0.     0.     0.     0.     0.     0.     0.
     0.     0.     0.     0.     0.     0.   ]
   [ 0.     0.     0.     0.     0.     0.     0.     0.     0.     0.
     0.     0.     0.     0.     0.     0.   ]
   [ 0.     0.     0.     0.     0.     0.     0.     0.     0.     0.
     0.     0.     0.     0.     0.     0.   ]]
]
c_f = 

[
  [
    [[ 0.     0.     0.     0.   ]
     [ 0.     0.984 -0.     0.   ]
     [ 0.    -0.    -0.176  0.   ]
     [ 0.     0.     0.     0.   ]]
  ]
  [
    [[ 0.     0.     0.     0.   ]
     [ 0.    -0.983 -0.     0.   ]
     [ 0.    -0.     0.184  0.   ]
     [ 0.     0.     0.     0.   ]]
  ]
]
uilsi = 

[
  [[ 0.     0.     0.     0.     0.     0.     0.     0.     0.     0.
     0.     0.     0.     0.     0.     0.   ]
   [ 0.     0.     0.     0.     0.     0.     0.     0.     0.     0.
     0.     0.     0.     0.     0.     0.   ]
   [ 0.     0.     0.     0.     0.     0.     0.     0.     0.     0.
     0.     0.     0.     0.     0.     0.   ]
   [ 0.     0.     0.     0.     0.     0.     0.968  0.     0.     0.
     0.     0.     0.     0.     0.     0.   ]
   [ 0.     0.     0.     0.     0.     0.     0.     0.     0.     0.
     0.     0.     0.     0.     0.     0.   ]
   [ 0.     0.     0.     0.     0.     0.    -0.     0.     0.     0.
    -0.     0.     0.     0.     0.     0.   ]
   [ 0.     0.     0.     0.     0.    -0.    -0.173  0.     0.    -0.
    -0.     0.     0.     0.     0.     0.   ]
   [ 0.     0.     0.     0.     0.     0.     0.     0.     0.     0.
     0.     0.     0.     0.     0.     0.   ]
   [ 0.     0.     0.     0.     0.     0.     0.     0.     0.     0.
     0.     0.     0.     0.     0.     0.   ]
   [ 0.     0.     0.     0.     0.     0.    -0.     0.     0.    -0.181
     0.     0.     0.     0.     0.     0.   ]
   [ 0.     0.     0.     0.     0.    -0.    -0.     0.     0.     0.
     0.     0.     0.     0.     0.     0.   ]
   [ 0.     0.     0.     0.     0.     0.     0.     0.     0.     0.
     0.     0.     0.     0.     0.     0.   ]
   [ 0.     0.     0.     0.     0.     0.     0.     0.     0.    -0.032
     0.     0.     0.     0.     0.     0.   ]
   [ 0.     0.     0.     0.     0.     0.     0.     0.     0.     0.
     0.     0.     0.     0.     0.     0.   ]
   [ 0.     0.     0.     0.     0.     0.     0.     0.     0.     0.
     0.     0.     0.     0.     0.     0.   ]
   [ 0.     0.     0.     0.     0.     0.     0.     0.     0.     0.
     0.     0.     0.     0.     0.     0.   ]]
]
c_f = 

[
  [
    [[ 0.     0.     0.     0.   ]
     [ 0.     0.984 -0.     0.   ]
     [ 0.    -0.    -0.176  0.   ]
     [ 0.     0.     0.     0.   ]]
  ]
  [
    [[ 0.     0.     0.     0.   ]
     [ 0.    -0.983 -0.     0.   ]
     [ 0.    -0.     0.184  0.   ]
     [ 0.     0.     0.     0.   ]]
  ]
]
uilsi = 

[
  [[ 0.     0.     0.     0.     0.     0.     0.     0.     0.     0.
     0.     0.     0.     0.     0.     0.   ]
   [ 0.     0.     0.     0.     0.     0.     0.     0.     0.     0.
     0.     0.     0.     0.     0.     0.   ]
   [ 0.     0.     0.     0.     0.     0.     0.     0.     0.     0.
     0.     0.     0.     0.     0.     0.   ]
   [ 0.     0.     0.     0.     0.     0.     0.     0.     0.     0.
     0.     0.     0.     0.     0.     0.   ]
   [ 0.     0.     0.     0.     0.     0.     0.     0.     0.     0.
     0.     0.     0.     0.     0.     0.   ]
   [ 0.     0.     0.     0.     0.     0.968 -0.     0.     0.     0.
    -0.     0.     0.     0.     0.     0.   ]
   [ 0.     0.     0.     0.     0.    -0.    -0.173  0.     0.    -0.
    -0.     0.     0.     0.     0.     0.   ]
   [ 0.     0.     0.     0.     0.     0.     0.     0.     0.     0.
     0.     0.     0.     0.     0.     0.   ]
   [ 0.     0.     0.     0.     0.     0.     0.     0.     0.     0.
     0.     0.     0.     0.     0.     0.   ]
   [ 0.     0.     0.     0.     0.     0.    -0.     0.     0.    -0.181
     0.     0.     0.     0.     0.     0.   ]
   [ 0.     0.     0.     0.     0.    -0.    -0.     0.     0.     0.
     0.032  0.     0.     0.     0.     0.   ]
   [ 0.     0.     0.     0.     0.     0.     0.     0.     0.     0.
     0.     0.     0.     0.     0.     0.   ]
   [ 0.     0.     0.     0.     0.     0.     0.     0.     0.     0.
     0.     0.     0.     0.     0.     0.   ]
   [ 0.     0.     0.     0.     0.     0.     0.     0.     0.     0.
     0.     0.     0.     0.     0.     0.   ]
   [ 0.     0.     0.     0.     0.     0.     0.     0.     0.     0.
     0.     0.     0.     0.     0.     0.   ]
   [ 0.     0.     0.     0.     0.     0.     0.     0.     0.     0.
     0.     0.     0.     0.     0.     0.   ]]
]
c_f = 

[
  [
    [[ 0.     0.     0.     0.   ]
     [ 0.     0.984 -0.     0.   ]
     [ 0.    -0.    -0.176  0.   ]
     [ 0.     0.     0.     0.   ]]
  ]
  [
    [[ 0.     0.     0.     0.   ]
     [ 0.    -0.983 -0.     0.   ]
     [ 0.    -0.     0.184  0.   ]
     [ 0.     0.     0.     0.   ]]
  ]
]
uilsi = 

[
  [[ 0.     0.     0.     0.     0.     0.     0.     0.     0.     0.
     0.     0.     0.     0.     0.     0.   ]
   [ 0.     0.     0.     0.     0.     0.     0.     0.     0.     0.
     0.     0.     0.     0.     0.     0.   ]
   [ 0.     0.     0.     0.     0.     0.     0.     0.     0.     0.
     0.     0.     0.     0.     0.     0.   ]
   [ 0.     0.     0.     0.     0.     0.     0.968  0.     0.     0.
     0.     0.     0.     0.     0.     0.   ]
   [ 0.     0.     0.     0.     0.     0.     0.     0.     0.     0.
     0.     0.     0.     0.     0.     0.   ]
   [ 0.     0.     0.     0.     0.     0.    -0.     0.     0.     0.
    -0.     0.     0.     0.     0.     0.   ]
   [ 0.     0.     0.     0.     0.    -0.    -0.173  0.     0.    -0.
    -0.     0.     0.     0.     0.     0.   ]
   [ 0.     0.     0.     0.     0.     0.     0.     0.     0.     0.
     0.     0.     0.     0.     0.     0.   ]
   [ 0.     0.     0.     0.     0.     0.     0.     0.     0.     0.
     0.     0.     0.     0.     0.     0.   ]
   [ 0.     0.     0.     0.     0.     0.    -0.     0.     0.    -0.181
     0.     0.     0.     0.     0.     0.   ]
   [ 0.     0.     0.     0.     0.    -0.    -0.     0.     0.     0.
     0.     0.     0.     0.     0.     0.   ]
   [ 0.     0.     0.     0.     0.     0.     0.     0.     0.     0.
     0.     0.     0.     0.     0.     0.   ]
   [ 0.     0.     0.     0.     0.     0.     0.     0.     0.    -0.032
     0.     0.     0.     0.     0.     0.   ]
   [ 0.     0.     0.     0.     0.     0.     0.     0.     0.     0.
     0.     0.     0.     0.     0.     0.   ]
   [ 0.     0.     0.     0.     0.     0.     0.     0.     0.     0.
     0.     0.     0.     0.     0.     0.   ]
   [ 0.     0.     0.     0.     0.     0.     0.     0.     0.     0.
     0.     0.     0.     0.     0.     0.   ]]
]
S matrix:

[
  [[1.   +0.j 0.063+0.j]
   [0.063+0.j 1.   +0.j]]
]
H matrix:

[
  [[-2.182+0.j -0.149+0.j]
   [-0.149+0.j -0.891+0.j]]
]
[
  [
    [
      [[ 0.     0.     0.     0.     0.     0.     0.     0.   ]
       [ 0.     0.     0.     0.     0.     0.     0.     0.   ]
       [ 0.     0.     0.936  0.     0.     0.     0.     0.   ]
       [ 0.     0.     0.     0.033  0.     0.     0.     0.   ]
       [ 0.     0.     0.     0.     0.969 -0.     0.     0.   ]
       [ 0.     0.     0.     0.    -0.     0.     0.     0.   ]
       [ 0.     0.     0.     0.     0.     0.     0.936  0.   ]
       [ 0.     0.     0.     0.     0.     0.     0.     0.033]]
    ]
    [
      [[ 0.     0.     0.     0.     0.     0.     0.     0.   ]
       [ 0.     0.     0.     0.     0.     0.     0.     0.   ]
       [ 0.     0.    -0.    -0.     0.     0.     0.     0.   ]
       [ 0.     0.    -0.    -0.     0.     0.     0.     0.   ]
       [ 0.     0.     0.     0.    -0.    -0.173  0.     0.   ]
       [ 0.     0.     0.     0.     0.     0.     0.     0.   ]
       [ 0.     0.     0.     0.     0.     0.    -0.    -0.   ]
       [ 0.     0.     0.     0.     0.     0.    -0.    -0.   ]]
    ]
    [
      [[ 0.     0.     0.     0.     0.     0.     0.     0.   ]
       [ 0.     0.     0.     0.     0.     0.     0.     0.   ]
       [-0.936  0.     0.     0.     0.     0.     0.     0.   ]
       [-0.     0.     0.     0.     0.     0.     0.     0.   ]
       [ 0.     0.     0.     0.     0.     0.     0.     0.   ]
       [ 0.     0.     0.     0.     0.     0.     0.     0.   ]
       [ 0.     0.     0.     0.     0.     0.     0.     0.   ]
       [ 0.     0.     0.     0.     0.     0.     0.     0.   ]]
    ]
    [
      [[ 0.     0.     0.     0.     0.     0.     0.     0.   ]
       [ 0.     0.     0.     0.     0.     0.     0.     0.   ]
       [-0.     0.     0.     0.     0.     0.     0.     0.   ]
       [-0.033  0.     0.     0.     0.     0.     0.     0.   ]
       [ 0.     0.     0.     0.     0.     0.     0.     0.   ]
       [ 0.     0.     0.     0.     0.     0.     0.     0.   ]
       [ 0.     0.     0.     0.     0.     0.     0.     0.   ]
       [ 0.     0.     0.     0.     0.     0.     0.     0.   ]]
    ]
    [
      [[ 0.     0.     0.     0.     0.     0.     0.     0.   ]
       [ 0.     0.     0.     0.     0.     0.     0.     0.   ]
       [ 0.     0.     0.     0.     0.     0.     0.     0.   ]
       [ 0.     0.     0.     0.     0.     0.     0.     0.   ]
       [-0.969  0.     0.     0.     0.     0.     0.     0.   ]
       [ 0.    -0.     0.     0.     0.     0.     0.     0.   ]
       [ 0.     0.     0.     0.     0.     0.     0.     0.   ]
       [ 0.     0.     0.     0.     0.     0.     0.     0.   ]]
    ]
    [
      [[ 0.     0.     0.     0.     0.     0.     0.     0.   ]
       [ 0.     0.     0.     0.     0.     0.     0.     0.   ]
       [ 0.     0.     0.     0.     0.     0.     0.     0.   ]
       [ 0.     0.     0.     0.     0.     0.     0.     0.   ]
       [ 0.     0.173  0.     0.     0.     0.     0.     0.   ]
       [-0.    -0.     0.     0.     0.     0.     0.     0.   ]
       [ 0.     0.     0.     0.     0.     0.     0.     0.   ]
       [ 0.     0.     0.     0.     0.     0.     0.     0.   ]]
    ]
    [
      [[ 0.     0.     0.     0.     0.     0.     0.     0.   ]
       [ 0.     0.     0.     0.     0.     0.     0.     0.   ]
       [ 0.     0.     0.     0.     0.     0.     0.     0.   ]
       [ 0.     0.     0.     0.     0.     0.     0.     0.   ]
       [ 0.     0.     0.     0.     0.     0.     0.     0.   ]
       [ 0.     0.     0.     0.     0.     0.     0.     0.   ]
       [-0.936  0.     0.     0.     0.     0.     0.     0.   ]
       [-0.     0.     0.     0.     0.     0.     0.     0.   ]]
    ]
    [
      [[ 0.     0.     0.     0.     0.     0.     0.     0.   ]
       [ 0.     0.     0.     0.     0.     0.     0.     0.   ]
       [ 0.     0.     0.     0.     0.     0.     0.     0.   ]
       [ 0.     0.     0.     0.     0.     0.     0.     0.   ]
       [ 0.     0.     0.     0.     0.     0.     0.     0.   ]
       [ 0.     0.     0.     0.     0.     0.     0.     0.   ]
       [-0.     0.     0.     0.     0.     0.     0.     0.   ]
       [-0.033  0.     0.     0.     0.     0.     0.     0.   ]]
    ]
  ]
  [
    [
      [[ 0.     0.     0.     0.     0.     0.     0.     0.   ]
       [ 0.     0.     0.     0.     0.     0.     0.     0.   ]
       [ 0.     0.    -0.    -0.     0.     0.     0.     0.   ]
       [ 0.     0.    -0.    -0.     0.     0.     0.     0.   ]
       [ 0.     0.     0.     0.    -0.     0.     0.     0.   ]
       [ 0.     0.     0.     0.    -0.173  0.     0.     0.   ]
       [ 0.     0.     0.     0.     0.     0.    -0.    -0.   ]
       [ 0.     0.     0.     0.     0.     0.    -0.    -0.   ]]
    ]
    [
      [[0.    0.    0.    0.    0.    0.    0.    0.   ]
       [0.    0.    0.    0.    0.    0.    0.    0.   ]
       [0.    0.    0.03  0.    0.    0.    0.    0.   ]
       [0.    0.    0.    0.001 0.    0.    0.    0.   ]
       [0.    0.    0.    0.    0.    0.    0.    0.   ]
       [0.    0.    0.    0.    0.    0.031 0.    0.   ]
       [0.    0.    0.    0.    0.    0.    0.03  0.   ]
       [0.    0.    0.    0.    0.    0.    0.    0.001]]
    ]
    [
      [[ 0.    0.    0.    0.    0.    0.    0.    0.  ]
       [ 0.    0.    0.    0.    0.    0.    0.    0.  ]
       [ 0.   -0.03  0.    0.    0.    0.    0.    0.  ]
       [ 0.   -0.    0.    0.    0.    0.    0.    0.  ]
       [ 0.    0.    0.    0.    0.    0.    0.    0.  ]
       [ 0.    0.    0.    0.    0.    0.    0.    0.  ]
       [ 0.    0.    0.    0.    0.    0.    0.    0.  ]
       [ 0.    0.    0.    0.    0.    0.    0.    0.  ]]
    ]
    [
      [[ 0.     0.     0.     0.     0.     0.     0.     0.   ]
       [ 0.     0.     0.     0.     0.     0.     0.     0.   ]
       [ 0.    -0.     0.     0.     0.     0.     0.     0.   ]
       [ 0.    -0.001  0.     0.     0.     0.     0.     0.   ]
       [ 0.     0.     0.     0.     0.     0.     0.     0.   ]
       [ 0.     0.     0.     0.     0.     0.     0.     0.   ]
       [ 0.     0.     0.     0.     0.     0.     0.     0.   ]
       [ 0.     0.     0.     0.     0.     0.     0.     0.   ]]
    ]
    [
      [[ 0.     0.     0.     0.     0.     0.     0.     0.   ]
       [ 0.     0.     0.     0.     0.     0.     0.     0.   ]
       [ 0.     0.     0.     0.     0.     0.     0.     0.   ]
       [ 0.     0.     0.     0.     0.     0.     0.     0.   ]
       [ 0.    -0.     0.     0.     0.     0.     0.     0.   ]
       [ 0.173 -0.     0.     0.     0.     0.     0.     0.   ]
       [ 0.     0.     0.     0.     0.     0.     0.     0.   ]
       [ 0.     0.     0.     0.     0.     0.     0.     0.   ]]
    ]
    [
      [[ 0.     0.     0.     0.     0.     0.     0.     0.   ]
       [ 0.     0.     0.     0.     0.     0.     0.     0.   ]
       [ 0.     0.     0.     0.     0.     0.     0.     0.   ]
       [ 0.     0.     0.     0.     0.     0.     0.     0.   ]
       [-0.    -0.     0.     0.     0.     0.     0.     0.   ]
       [-0.    -0.031  0.     0.     0.     0.     0.     0.   ]
       [ 0.     0.     0.     0.     0.     0.     0.     0.   ]
       [ 0.     0.     0.     0.     0.     0.     0.     0.   ]]
    ]
    [
      [[ 0.    0.    0.    0.    0.    0.    0.    0.  ]
       [ 0.    0.    0.    0.    0.    0.    0.    0.  ]
       [ 0.    0.    0.    0.    0.    0.    0.    0.  ]
       [ 0.    0.    0.    0.    0.    0.    0.    0.  ]
       [ 0.    0.    0.    0.    0.    0.    0.    0.  ]
       [ 0.    0.    0.    0.    0.    0.    0.    0.  ]
       [ 0.   -0.03  0.    0.    0.    0.    0.    0.  ]
       [ 0.   -0.    0.    0.    0.    0.    0.    0.  ]]
    ]
    [
      [[ 0.     0.     0.     0.     0.     0.     0.     0.   ]
       [ 0.     0.     0.     0.     0.     0.     0.     0.   ]
       [ 0.     0.     0.     0.     0.     0.     0.     0.   ]
       [ 0.     0.     0.     0.     0.     0.     0.     0.   ]
       [ 0.     0.     0.     0.     0.     0.     0.     0.   ]
       [ 0.     0.     0.     0.     0.     0.     0.     0.   ]
       [ 0.    -0.     0.     0.     0.     0.     0.     0.   ]
       [ 0.    -0.001  0.     0.     0.     0.     0.     0.   ]]
    ]
  ]
  [
    [
      [[ 0.     0.    -0.936 -0.     0.     0.     0.     0.   ]
       [ 0.     0.     0.     0.     0.     0.     0.     0.   ]
       [ 0.     0.     0.     0.     0.     0.     0.     0.   ]
       [ 0.     0.     0.     0.     0.     0.     0.     0.   ]
       [ 0.     0.     0.     0.     0.     0.     0.     0.   ]
       [ 0.     0.     0.     0.     0.     0.     0.     0.   ]
       [ 0.     0.     0.     0.     0.     0.     0.     0.   ]
       [ 0.     0.     0.     0.     0.     0.     0.     0.   ]]
    ]
    [
      [[ 0.    0.    0.    0.    0.    0.    0.    0.  ]
       [ 0.    0.   -0.03 -0.    0.    0.    0.    0.  ]
       [ 0.    0.    0.    0.    0.    0.    0.    0.  ]
       [ 0.    0.    0.    0.    0.    0.    0.    0.  ]
       [ 0.    0.    0.    0.    0.    0.    0.    0.  ]
       [ 0.    0.    0.    0.    0.    0.    0.    0.  ]
       [ 0.    0.    0.    0.    0.    0.    0.    0.  ]
       [ 0.    0.    0.    0.    0.    0.    0.    0.  ]]
    ]
    [
      [[ 0.936 -0.     0.     0.     0.     0.     0.     0.   ]
       [-0.     0.03   0.     0.     0.     0.     0.     0.   ]
       [ 0.     0.     0.     0.     0.     0.     0.     0.   ]
       [ 0.     0.     0.     0.     0.     0.     0.     0.   ]
       [ 0.     0.     0.     0.     0.936 -0.     0.     0.   ]
       [ 0.     0.     0.     0.    -0.     0.03   0.     0.   ]
       [ 0.     0.     0.     0.     0.     0.     0.966  0.   ]
       [ 0.     0.     0.     0.     0.     0.     0.     0.   ]]
    ]
    [
      [[ 0.   -0.    0.    0.    0.    0.    0.    0.  ]
       [-0.    0.    0.    0.    0.    0.    0.    0.  ]
       [ 0.    0.    0.    0.    0.    0.    0.    0.  ]
       [ 0.    0.    0.    0.    0.    0.    0.    0.  ]
       [ 0.    0.    0.    0.    0.   -0.    0.    0.  ]
       [ 0.    0.    0.    0.   -0.    0.    0.    0.  ]
       [ 0.    0.    0.    0.    0.    0.    0.   -0.18]
       [ 0.    0.    0.    0.    0.    0.    0.   -0.  ]]
    ]
    [
      [[ 0.     0.     0.     0.     0.     0.     0.     0.   ]
       [ 0.     0.     0.     0.     0.     0.     0.     0.   ]
       [ 0.     0.     0.     0.     0.     0.     0.     0.   ]
       [ 0.     0.     0.     0.     0.     0.     0.     0.   ]
       [ 0.     0.    -0.936 -0.     0.     0.     0.     0.   ]
       [ 0.     0.     0.     0.     0.     0.     0.     0.   ]
       [ 0.     0.     0.     0.     0.     0.     0.     0.   ]
       [ 0.     0.     0.     0.     0.     0.     0.     0.   ]]
    ]
    [
      [[ 0.    0.    0.    0.    0.    0.    0.    0.  ]
       [ 0.    0.    0.    0.    0.    0.    0.    0.  ]
       [ 0.    0.    0.    0.    0.    0.    0.    0.  ]
       [ 0.    0.    0.    0.    0.    0.    0.    0.  ]
       [ 0.    0.    0.    0.    0.    0.    0.    0.  ]
       [ 0.    0.   -0.03 -0.    0.    0.    0.    0.  ]
       [ 0.    0.    0.    0.    0.    0.    0.    0.  ]
       [ 0.    0.    0.    0.    0.    0.    0.    0.  ]]
    ]
    [
      [[ 0.     0.     0.     0.     0.     0.     0.     0.   ]
       [ 0.     0.     0.     0.     0.     0.     0.     0.   ]
       [ 0.     0.     0.     0.     0.     0.     0.     0.   ]
       [ 0.     0.     0.     0.     0.     0.     0.     0.   ]
       [ 0.     0.     0.     0.     0.     0.     0.     0.   ]
       [ 0.     0.     0.     0.     0.     0.     0.     0.   ]
       [ 0.     0.    -0.966 -0.     0.     0.     0.     0.   ]
       [ 0.     0.    -0.    -0.     0.     0.     0.     0.   ]]
    ]
    [
      [[ 0.    0.    0.    0.    0.    0.    0.    0.  ]
       [ 0.    0.    0.    0.    0.    0.    0.    0.  ]
       [ 0.    0.    0.    0.    0.    0.    0.    0.  ]
       [ 0.    0.    0.    0.    0.    0.    0.    0.  ]
       [ 0.    0.    0.    0.    0.    0.    0.    0.  ]
       [ 0.    0.    0.    0.    0.    0.    0.    0.  ]
       [ 0.    0.   -0.    0.18  0.    0.    0.    0.  ]
       [ 0.    0.   -0.    0.    0.    0.    0.    0.  ]]
    ]
  ]
  [
    [
      [[ 0.     0.    -0.    -0.033  0.     0.     0.     0.   ]
       [ 0.     0.     0.     0.     0.     0.     0.     0.   ]
       [ 0.     0.     0.     0.     0.     0.     0.     0.   ]
       [ 0.     0.     0.     0.     0.     0.     0.     0.   ]
       [ 0.     0.     0.     0.     0.     0.     0.     0.   ]
       [ 0.     0.     0.     0.     0.     0.     0.     0.   ]
       [ 0.     0.     0.     0.     0.     0.     0.     0.   ]
       [ 0.     0.     0.     0.     0.     0.     0.     0.   ]]
    ]
    [
      [[ 0.     0.     0.     0.     0.     0.     0.     0.   ]
       [ 0.     0.    -0.    -0.001  0.     0.     0.     0.   ]
       [ 0.     0.     0.     0.     0.     0.     0.     0.   ]
       [ 0.     0.     0.     0.     0.     0.     0.     0.   ]
       [ 0.     0.     0.     0.     0.     0.     0.     0.   ]
       [ 0.     0.     0.     0.     0.     0.     0.     0.   ]
       [ 0.     0.     0.     0.     0.     0.     0.     0.   ]
       [ 0.     0.     0.     0.     0.     0.     0.     0.   ]]
    ]
    [
      [[ 0.   -0.    0.    0.    0.    0.    0.    0.  ]
       [-0.    0.    0.    0.    0.    0.    0.    0.  ]
       [ 0.    0.    0.    0.    0.    0.    0.    0.  ]
       [ 0.    0.    0.    0.    0.    0.    0.    0.  ]
       [ 0.    0.    0.    0.    0.   -0.    0.    0.  ]
       [ 0.    0.    0.    0.   -0.    0.    0.    0.  ]
       [ 0.    0.    0.    0.    0.    0.    0.    0.  ]
       [ 0.    0.    0.    0.    0.    0.   -0.18 -0.  ]]
    ]
    [
      [[ 0.033 -0.     0.     0.     0.     0.     0.     0.   ]
       [-0.     0.001  0.     0.     0.     0.     0.     0.   ]
       [ 0.     0.     0.     0.     0.     0.     0.     0.   ]
       [ 0.     0.     0.     0.     0.     0.     0.     0.   ]
       [ 0.     0.     0.     0.     0.033 -0.     0.     0.   ]
       [ 0.     0.     0.     0.    -0.     0.001  0.     0.   ]
       [ 0.     0.     0.     0.     0.     0.     0.    -0.   ]
       [ 0.     0.     0.     0.     0.     0.    -0.     0.034]]
    ]
    [
      [[ 0.     0.     0.     0.     0.     0.     0.     0.   ]
       [ 0.     0.     0.     0.     0.     0.     0.     0.   ]
       [ 0.     0.     0.     0.     0.     0.     0.     0.   ]
       [ 0.     0.     0.     0.     0.     0.     0.     0.   ]
       [ 0.     0.    -0.    -0.033  0.     0.     0.     0.   ]
       [ 0.     0.     0.     0.     0.     0.     0.     0.   ]
       [ 0.     0.     0.     0.     0.     0.     0.     0.   ]
       [ 0.     0.     0.     0.     0.     0.     0.     0.   ]]
    ]
    [
      [[ 0.     0.     0.     0.     0.     0.     0.     0.   ]
       [ 0.     0.     0.     0.     0.     0.     0.     0.   ]
       [ 0.     0.     0.     0.     0.     0.     0.     0.   ]
       [ 0.     0.     0.     0.     0.     0.     0.     0.   ]
       [ 0.     0.     0.     0.     0.     0.     0.     0.   ]
       [ 0.     0.    -0.    -0.001  0.     0.     0.     0.   ]
       [ 0.     0.     0.     0.     0.     0.     0.     0.   ]
       [ 0.     0.     0.     0.     0.     0.     0.     0.   ]]
    ]
    [
      [[ 0.    0.    0.    0.    0.    0.    0.    0.  ]
       [ 0.    0.    0.    0.    0.    0.    0.    0.  ]
       [ 0.    0.    0.    0.    0.    0.    0.    0.  ]
       [ 0.    0.    0.    0.    0.    0.    0.    0.  ]
       [ 0.    0.    0.    0.    0.    0.    0.    0.  ]
       [ 0.    0.    0.    0.    0.    0.    0.    0.  ]
       [ 0.    0.   -0.   -0.    0.    0.    0.    0.  ]
       [ 0.    0.    0.18  0.    0.    0.    0.    0.  ]]
    ]
    [
      [[ 0.     0.     0.     0.     0.     0.     0.     0.   ]
       [ 0.     0.     0.     0.     0.     0.     0.     0.   ]
       [ 0.     0.     0.     0.     0.     0.     0.     0.   ]
       [ 0.     0.     0.     0.     0.     0.     0.     0.   ]
       [ 0.     0.     0.     0.     0.     0.     0.     0.   ]
       [ 0.     0.     0.     0.     0.     0.     0.     0.   ]
       [ 0.     0.    -0.     0.     0.     0.     0.     0.   ]
       [ 0.     0.     0.    -0.034  0.     0.     0.     0.   ]]
    ]
  ]
  [
    [
      [[ 0.     0.     0.     0.    -0.969  0.     0.     0.   ]
       [ 0.     0.     0.     0.     0.    -0.     0.     0.   ]
       [ 0.     0.     0.     0.     0.     0.     0.     0.   ]
       [ 0.     0.     0.     0.     0.     0.     0.     0.   ]
       [ 0.     0.     0.     0.     0.     0.     0.     0.   ]
       [ 0.     0.     0.     0.     0.     0.     0.     0.   ]
       [ 0.     0.     0.     0.     0.     0.     0.     0.   ]
       [ 0.     0.     0.     0.     0.     0.     0.     0.   ]]
    ]
    [
      [[ 0.     0.     0.     0.     0.     0.173  0.     0.   ]
       [ 0.     0.     0.     0.    -0.    -0.     0.     0.   ]
       [ 0.     0.     0.     0.     0.     0.     0.     0.   ]
       [ 0.     0.     0.     0.     0.     0.     0.     0.   ]
       [ 0.     0.     0.     0.     0.     0.     0.     0.   ]
       [ 0.     0.     0.     0.     0.     0.     0.     0.   ]
       [ 0.     0.     0.     0.     0.     0.     0.     0.   ]
       [ 0.     0.     0.     0.     0.     0.     0.     0.   ]]
    ]
    [
      [[ 0.     0.     0.     0.     0.     0.     0.     0.   ]
       [ 0.     0.     0.     0.     0.     0.     0.     0.   ]
       [ 0.     0.     0.     0.    -0.936  0.     0.     0.   ]
       [ 0.     0.     0.     0.    -0.     0.     0.     0.   ]
       [ 0.     0.     0.     0.     0.     0.     0.     0.   ]
       [ 0.     0.     0.     0.     0.     0.     0.     0.   ]
       [ 0.     0.     0.     0.     0.     0.     0.     0.   ]
       [ 0.     0.     0.     0.     0.     0.     0.     0.   ]]
    ]
    [
      [[ 0.     0.     0.     0.     0.     0.     0.     0.   ]
       [ 0.     0.     0.     0.     0.     0.     0.     0.   ]
       [ 0.     0.     0.     0.    -0.     0.     0.     0.   ]
       [ 0.     0.     0.     0.    -0.033  0.     0.     0.   ]
       [ 0.     0.     0.     0.     0.     0.     0.     0.   ]
       [ 0.     0.     0.     0.     0.     0.     0.     0.   ]
       [ 0.     0.     0.     0.     0.     0.     0.     0.   ]
       [ 0.     0.     0.     0.     0.     0.     0.     0.   ]]
    ]
    [
      [[ 0.969 -0.     0.     0.     0.     0.     0.     0.   ]
       [-0.     0.     0.     0.     0.     0.     0.     0.   ]
       [ 0.     0.     0.936  0.     0.     0.     0.     0.   ]
       [ 0.     0.     0.     0.033  0.     0.     0.     0.   ]
       [ 0.     0.     0.     0.     0.     0.     0.     0.   ]
       [ 0.     0.     0.     0.     0.     0.     0.     0.   ]
       [ 0.     0.     0.     0.     0.     0.     0.936  0.   ]
       [ 0.     0.     0.     0.     0.     0.     0.     0.033]]
    ]
    [
      [[-0.    -0.173  0.     0.     0.     0.     0.     0.   ]
       [ 0.     0.     0.     0.     0.     0.     0.     0.   ]
       [ 0.     0.    -0.    -0.     0.     0.     0.     0.   ]
       [ 0.     0.    -0.    -0.     0.     0.     0.     0.   ]
       [ 0.     0.     0.     0.     0.     0.     0.     0.   ]
       [ 0.     0.     0.     0.     0.     0.     0.     0.   ]
       [ 0.     0.     0.     0.     0.     0.    -0.    -0.   ]
       [ 0.     0.     0.     0.     0.     0.    -0.    -0.   ]]
    ]
    [
      [[ 0.     0.     0.     0.     0.     0.     0.     0.   ]
       [ 0.     0.     0.     0.     0.     0.     0.     0.   ]
       [ 0.     0.     0.     0.     0.     0.     0.     0.   ]
       [ 0.     0.     0.     0.     0.     0.     0.     0.   ]
       [ 0.     0.     0.     0.     0.     0.     0.     0.   ]
       [ 0.     0.     0.     0.     0.     0.     0.     0.   ]
       [ 0.     0.     0.     0.    -0.936  0.     0.     0.   ]
       [ 0.     0.     0.     0.    -0.     0.     0.     0.   ]]
    ]
    [
      [[ 0.     0.     0.     0.     0.     0.     0.     0.   ]
       [ 0.     0.     0.     0.     0.     0.     0.     0.   ]
       [ 0.     0.     0.     0.     0.     0.     0.     0.   ]
       [ 0.     0.     0.     0.     0.     0.     0.     0.   ]
       [ 0.     0.     0.     0.     0.     0.     0.     0.   ]
       [ 0.     0.     0.     0.     0.     0.     0.     0.   ]
       [ 0.     0.     0.     0.    -0.     0.     0.     0.   ]
       [ 0.     0.     0.     0.    -0.033  0.     0.     0.   ]]
    ]
  ]
  [
    [
      [[ 0.     0.     0.     0.     0.    -0.     0.     0.   ]
       [ 0.     0.     0.     0.     0.173 -0.     0.     0.   ]
       [ 0.     0.     0.     0.     0.     0.     0.     0.   ]
       [ 0.     0.     0.     0.     0.     0.     0.     0.   ]
       [ 0.     0.     0.     0.     0.     0.     0.     0.   ]
       [ 0.     0.     0.     0.     0.     0.     0.     0.   ]
       [ 0.     0.     0.     0.     0.     0.     0.     0.   ]
       [ 0.     0.     0.     0.     0.     0.     0.     0.   ]]
    ]
    [
      [[ 0.     0.     0.     0.    -0.    -0.     0.     0.   ]
       [ 0.     0.     0.     0.    -0.    -0.031  0.     0.   ]
       [ 0.     0.     0.     0.     0.     0.     0.     0.   ]
       [ 0.     0.     0.     0.     0.     0.     0.     0.   ]
       [ 0.     0.     0.     0.     0.     0.     0.     0.   ]
       [ 0.     0.     0.     0.     0.     0.     0.     0.   ]
       [ 0.     0.     0.     0.     0.     0.     0.     0.   ]
       [ 0.     0.     0.     0.     0.     0.     0.     0.   ]]
    ]
    [
      [[ 0.    0.    0.    0.    0.    0.    0.    0.  ]
       [ 0.    0.    0.    0.    0.    0.    0.    0.  ]
       [ 0.    0.    0.    0.    0.   -0.03  0.    0.  ]
       [ 0.    0.    0.    0.    0.   -0.    0.    0.  ]
       [ 0.    0.    0.    0.    0.    0.    0.    0.  ]
       [ 0.    0.    0.    0.    0.    0.    0.    0.  ]
       [ 0.    0.    0.    0.    0.    0.    0.    0.  ]
       [ 0.    0.    0.    0.    0.    0.    0.    0.  ]]
    ]
    [
      [[ 0.     0.     0.     0.     0.     0.     0.     0.   ]
       [ 0.     0.     0.     0.     0.     0.     0.     0.   ]
       [ 0.     0.     0.     0.     0.    -0.     0.     0.   ]
       [ 0.     0.     0.     0.     0.    -0.001  0.     0.   ]
       [ 0.     0.     0.     0.     0.     0.     0.     0.   ]
       [ 0.     0.     0.     0.     0.     0.     0.     0.   ]
       [ 0.     0.     0.     0.     0.     0.     0.     0.   ]
       [ 0.     0.     0.     0.     0.     0.     0.     0.   ]]
    ]
    [
      [[-0.     0.     0.     0.     0.     0.     0.     0.   ]
       [-0.173  0.     0.     0.     0.     0.     0.     0.   ]
       [ 0.     0.    -0.    -0.     0.     0.     0.     0.   ]
       [ 0.     0.    -0.    -0.     0.     0.     0.     0.   ]
       [ 0.     0.     0.     0.     0.     0.     0.     0.   ]
       [ 0.     0.     0.     0.     0.     0.     0.     0.   ]
       [ 0.     0.     0.     0.     0.     0.    -0.    -0.   ]
       [ 0.     0.     0.     0.     0.     0.    -0.    -0.   ]]
    ]
    [
      [[0.    0.    0.    0.    0.    0.    0.    0.   ]
       [0.    0.031 0.    0.    0.    0.    0.    0.   ]
       [0.    0.    0.03  0.    0.    0.    0.    0.   ]
       [0.    0.    0.    0.001 0.    0.    0.    0.   ]
       [0.    0.    0.    0.    0.    0.    0.    0.   ]
       [0.    0.    0.    0.    0.    0.    0.    0.   ]
       [0.    0.    0.    0.    0.    0.    0.03  0.   ]
       [0.    0.    0.    0.    0.    0.    0.    0.001]]
    ]
    [
      [[ 0.    0.    0.    0.    0.    0.    0.    0.  ]
       [ 0.    0.    0.    0.    0.    0.    0.    0.  ]
       [ 0.    0.    0.    0.    0.    0.    0.    0.  ]
       [ 0.    0.    0.    0.    0.    0.    0.    0.  ]
       [ 0.    0.    0.    0.    0.    0.    0.    0.  ]
       [ 0.    0.    0.    0.    0.    0.    0.    0.  ]
       [ 0.    0.    0.    0.    0.   -0.03  0.    0.  ]
       [ 0.    0.    0.    0.    0.   -0.    0.    0.  ]]
    ]
    [
      [[ 0.     0.     0.     0.     0.     0.     0.     0.   ]
       [ 0.     0.     0.     0.     0.     0.     0.     0.   ]
       [ 0.     0.     0.     0.     0.     0.     0.     0.   ]
       [ 0.     0.     0.     0.     0.     0.     0.     0.   ]
       [ 0.     0.     0.     0.     0.     0.     0.     0.   ]
       [ 0.     0.     0.     0.     0.     0.     0.     0.   ]
       [ 0.     0.     0.     0.     0.    -0.     0.     0.   ]
       [ 0.     0.     0.     0.     0.    -0.001  0.     0.   ]]
    ]
  ]
  [
    [
      [[ 0.     0.     0.     0.     0.     0.    -0.936 -0.   ]
       [ 0.     0.     0.     0.     0.     0.     0.     0.   ]
       [ 0.     0.     0.     0.     0.     0.     0.     0.   ]
       [ 0.     0.     0.     0.     0.     0.     0.     0.   ]
       [ 0.     0.     0.     0.     0.     0.     0.     0.   ]
       [ 0.     0.     0.     0.     0.     0.     0.     0.   ]
       [ 0.     0.     0.     0.     0.     0.     0.     0.   ]
       [ 0.     0.     0.     0.     0.     0.     0.     0.   ]]
    ]
    [
      [[ 0.    0.    0.    0.    0.    0.    0.    0.  ]
       [ 0.    0.    0.    0.    0.    0.   -0.03 -0.  ]
       [ 0.    0.    0.    0.    0.    0.    0.    0.  ]
       [ 0.    0.    0.    0.    0.    0.    0.    0.  ]
       [ 0.    0.    0.    0.    0.    0.    0.    0.  ]
       [ 0.    0.    0.    0.    0.    0.    0.    0.  ]
       [ 0.    0.    0.    0.    0.    0.    0.    0.  ]
       [ 0.    0.    0.    0.    0.    0.    0.    0.  ]]
    ]
    [
      [[ 0.     0.     0.     0.     0.     0.     0.     0.   ]
       [ 0.     0.     0.     0.     0.     0.     0.     0.   ]
       [ 0.     0.     0.     0.     0.     0.    -0.966 -0.   ]
       [ 0.     0.     0.     0.     0.     0.    -0.    -0.   ]
       [ 0.     0.     0.     0.     0.     0.     0.     0.   ]
       [ 0.     0.     0.     0.     0.     0.     0.     0.   ]
       [ 0.     0.     0.     0.     0.     0.     0.     0.   ]
       [ 0.     0.     0.     0.     0.     0.     0.     0.   ]]
    ]
    [
      [[ 0.    0.    0.    0.    0.    0.    0.    0.  ]
       [ 0.    0.    0.    0.    0.    0.    0.    0.  ]
       [ 0.    0.    0.    0.    0.    0.   -0.    0.18]
       [ 0.    0.    0.    0.    0.    0.   -0.    0.  ]
       [ 0.    0.    0.    0.    0.    0.    0.    0.  ]
       [ 0.    0.    0.    0.    0.    0.    0.    0.  ]
       [ 0.    0.    0.    0.    0.    0.    0.    0.  ]
       [ 0.    0.    0.    0.    0.    0.    0.    0.  ]]
    ]
    [
      [[ 0.     0.     0.     0.     0.     0.     0.     0.   ]
       [ 0.     0.     0.     0.     0.     0.     0.     0.   ]
       [ 0.     0.     0.     0.     0.     0.     0.     0.   ]
       [ 0.     0.     0.     0.     0.     0.     0.     0.   ]
       [ 0.     0.     0.     0.     0.     0.    -0.936 -0.   ]
       [ 0.     0.     0.     0.     0.     0.     0.     0.   ]
       [ 0.     0.     0.     0.     0.     0.     0.     0.   ]
       [ 0.     0.     0.     0.     0.     0.     0.     0.   ]]
    ]
    [
      [[ 0.    0.    0.    0.    0.    0.    0.    0.  ]
       [ 0.    0.    0.    0.    0.    0.    0.    0.  ]
       [ 0.    0.    0.    0.    0.    0.    0.    0.  ]
       [ 0.    0.    0.    0.    0.    0.    0.    0.  ]
       [ 0.    0.    0.    0.    0.    0.    0.    0.  ]
       [ 0.    0.    0.    0.    0.    0.   -0.03 -0.  ]
       [ 0.    0.    0.    0.    0.    0.    0.    0.  ]
       [ 0.    0.    0.    0.    0.    0.    0.    0.  ]]
    ]
    [
      [[ 0.936 -0.     0.     0.     0.     0.     0.     0.   ]
       [-0.     0.03   0.     0.     0.     0.     0.     0.   ]
       [ 0.     0.     0.966  0.     0.     0.     0.     0.   ]
       [ 0.     0.     0.     0.     0.     0.     0.     0.   ]
       [ 0.     0.     0.     0.     0.936 -0.     0.     0.   ]
       [ 0.     0.     0.     0.    -0.     0.03   0.     0.   ]
       [ 0.     0.     0.     0.     0.     0.     0.     0.   ]
       [ 0.     0.     0.     0.     0.     0.     0.     0.   ]]
    ]
    [
      [[ 0.   -0.    0.    0.    0.    0.    0.    0.  ]
       [-0.    0.    0.    0.    0.    0.    0.    0.  ]
       [ 0.    0.    0.   -0.18  0.    0.    0.    0.  ]
       [ 0.    0.    0.   -0.    0.    0.    0.    0.  ]
       [ 0.    0.    0.    0.    0.   -0.    0.    0.  ]
       [ 0.    0.    0.    0.   -0.    0.    0.    0.  ]
       [ 0.    0.    0.    0.    0.    0.    0.    0.  ]
       [ 0.    0.    0.    0.    0.    0.    0.    0.  ]]
    ]
  ]
  [
    [
      [[ 0.     0.     0.     0.     0.     0.    -0.    -0.033]
       [ 0.     0.     0.     0.     0.     0.     0.     0.   ]
       [ 0.     0.     0.     0.     0.     0.     0.     0.   ]
       [ 0.     0.     0.     0.     0.     0.     0.     0.   ]
       [ 0.     0.     0.     0.     0.     0.     0.     0.   ]
       [ 0.     0.     0.     0.     0.     0.     0.     0.   ]
       [ 0.     0.     0.     0.     0.     0.     0.     0.   ]
       [ 0.     0.     0.     0.     0.     0.     0.     0.   ]]
    ]
    [
      [[ 0.     0.     0.     0.     0.     0.     0.     0.   ]
       [ 0.     0.     0.     0.     0.     0.    -0.    -0.001]
       [ 0.     0.     0.     0.     0.     0.     0.     0.   ]
       [ 0.     0.     0.     0.     0.     0.     0.     0.   ]
       [ 0.     0.     0.     0.     0.     0.     0.     0.   ]
       [ 0.     0.     0.     0.     0.     0.     0.     0.   ]
       [ 0.     0.     0.     0.     0.     0.     0.     0.   ]
       [ 0.     0.     0.     0.     0.     0.     0.     0.   ]]
    ]
    [
      [[ 0.    0.    0.    0.    0.    0.    0.    0.  ]
       [ 0.    0.    0.    0.    0.    0.    0.    0.  ]
       [ 0.    0.    0.    0.    0.    0.   -0.   -0.  ]
       [ 0.    0.    0.    0.    0.    0.    0.18  0.  ]
       [ 0.    0.    0.    0.    0.    0.    0.    0.  ]
       [ 0.    0.    0.    0.    0.    0.    0.    0.  ]
       [ 0.    0.    0.    0.    0.    0.    0.    0.  ]
       [ 0.    0.    0.    0.    0.    0.    0.    0.  ]]
    ]
    [
      [[ 0.     0.     0.     0.     0.     0.     0.     0.   ]
       [ 0.     0.     0.     0.     0.     0.     0.     0.   ]
       [ 0.     0.     0.     0.     0.     0.    -0.     0.   ]
       [ 0.     0.     0.     0.     0.     0.     0.    -0.034]
       [ 0.     0.     0.     0.     0.     0.     0.     0.   ]
       [ 0.     0.     0.     0.     0.     0.     0.     0.   ]
       [ 0.     0.     0.     0.     0.     0.     0.     0.   ]
       [ 0.     0.     0.     0.     0.     0.     0.     0.   ]]
    ]
    [
      [[ 0.     0.     0.     0.     0.     0.     0.     0.   ]
       [ 0.     0.     0.     0.     0.     0.     0.     0.   ]
       [ 0.     0.     0.     0.     0.     0.     0.     0.   ]
       [ 0.     0.     0.     0.     0.     0.     0.     0.   ]
       [ 0.     0.     0.     0.     0.     0.    -0.    -0.033]
       [ 0.     0.     0.     0.     0.     0.     0.     0.   ]
       [ 0.     0.     0.     0.     0.     0.     0.     0.   ]
       [ 0.     0.     0.     0.     0.     0.     0.     0.   ]]
    ]
    [
      [[ 0.     0.     0.     0.     0.     0.     0.     0.   ]
       [ 0.     0.     0.     0.     0.     0.     0.     0.   ]
       [ 0.     0.     0.     0.     0.     0.     0.     0.   ]
       [ 0.     0.     0.     0.     0.     0.     0.     0.   ]
       [ 0.     0.     0.     0.     0.     0.     0.     0.   ]
       [ 0.     0.     0.     0.     0.     0.    -0.    -0.001]
       [ 0.     0.     0.     0.     0.     0.     0.     0.   ]
       [ 0.     0.     0.     0.     0.     0.     0.     0.   ]]
    ]
    [
      [[ 0.   -0.    0.    0.    0.    0.    0.    0.  ]
       [-0.    0.    0.    0.    0.    0.    0.    0.  ]
       [ 0.    0.    0.    0.    0.    0.    0.    0.  ]
       [ 0.    0.   -0.18 -0.    0.    0.    0.    0.  ]
       [ 0.    0.    0.    0.    0.   -0.    0.    0.  ]
       [ 0.    0.    0.    0.   -0.    0.    0.    0.  ]
       [ 0.    0.    0.    0.    0.    0.    0.    0.  ]
       [ 0.    0.    0.    0.    0.    0.    0.    0.  ]]
    ]
    [
      [[ 0.033 -0.     0.     0.     0.     0.     0.     0.   ]
       [-0.     0.001  0.     0.     0.     0.     0.     0.   ]
       [ 0.     0.     0.    -0.     0.     0.     0.     0.   ]
       [ 0.     0.    -0.     0.034  0.     0.     0.     0.   ]
       [ 0.     0.     0.     0.     0.033 -0.     0.     0.   ]
       [ 0.     0.     0.     0.    -0.     0.001  0.     0.   ]
       [ 0.     0.     0.     0.     0.     0.     0.     0.   ]
       [ 0.     0.     0.     0.     0.     0.     0.     0.   ]]
    ]
  ]
]
las_rdm2 shape: (8, 8, 8, 8)
las_rdm2[1][5][0][6]=  0.0
las_rdm2[1][5][0][6] = 0.0
las_rdm2[1][5][6][0] = 0.0
las_rdm2[1][0][5][6] = 0.0
las_rdm2[1][0][6][5] = 0.0
las_rdm2[1][6][5][0] = 0.0
las_rdm2[1][6][0][5] = 0.0
las_rdm2[5][1][0][6] = 0.0
las_rdm2[5][1][6][0] = 0.0
las_rdm2[5][0][1][6] = 0.0
las_rdm2[5][0][6][1] = 0.0
las_rdm2[5][6][1][0] = 0.0
las_rdm2[5][6][0][1] = 0.0
las_rdm2[0][1][5][6] = 0.0
las_rdm2[0][1][6][5] = 0.0
las_rdm2[0][5][1][6] = 0.0
las_rdm2[0][5][6][1] = 0.0
las_rdm2[0][6][1][5] = 0.0
las_rdm2[0][6][5][1] = 0.0
las_rdm2[6][1][5][0] = 0.0
las_rdm2[6][1][0][5] = 0.0
las_rdm2[6][5][1][0] = 0.0
las_rdm2[6][5][0][1] = 0.0
las_rdm2[6][0][1][5] = 0.0
las_rdm2[6][0][5][1] = 0.0
LASUSCCSD-CC energy: -2.182600190
