Using AMPLITUDE argument: 0.1
Molecule C6_631G: 
overwrite output file: c6_631g.out
Selected 6 CIs out of 7 total CIs
Condition number of S matrix:  10292.780438264743
Selected 16 CIs out of 17 total CIs
Condition number of S matrix:  80103.83847876596
Selected 12 CIs out of 25 total CIs
Condition number of S matrix:  93230.02574011954
Selected 11 CIs out of 33 total CIs
Condition number of S matrix:  95688.93922207563
Selected 15 CIs out of 41 total CIs
Condition number of S matrix:  94675.97981562278
Selected 12 CIs out of 51 total CIs
Condition number of S matrix:  97098.15489806984
Selected 9 CIs out of 57 total CIs
Condition number of S matrix:  97873.60365048633
Selected 11 CIs out of 63 total CIs
Condition number of S matrix:  93015.17387347568
Selected 8 CIs out of 75 total CIs
Condition number of S matrix:  99392.80695747404
Selected 9 CIs out of 87 total CIs
Condition number of S matrix:  90796.65683021164
CASCI energy: -231.81276306691415812
LASSCF energy: -231.80270288987648541
Total excitations: 846
Selected excitations: 86
LAS-USCCSD-VQE energy: -231.81127039333881612
LAS-USCCSD-NOSI energy: -231.80377738459418424
NOSI vector:  [  0.28350615+0.j   1.98562653+0.j   1.99538726+0.j -10.27730184+0.j
  -9.28599358+0.j  -0.54993684+0.j   0.69751958+0.j   0.05967056+0.j
  -1.21570067+0.j]
Minimum State energy: -231.80306308744582111
Amplitudes:
 [-0.07303310620290569, 0.05594324677674989, -0.05276475782319943, -0.0031972428649654997, -0.09046514401958083, -0.01347136523623378, -0.08604606172103163, -0.09308301592952961, 0.02168433780390724, -0.08220975967467861, 0.08892951520447163, 0.01440644877609123, -0.051856048248694636, 0.06574322030190834, -0.06786858401152616, -0.05718030375687047, -0.07496108903982811, -0.01679058656077135, 0.018477091298167148, 0.045115450081052534, 0.03572403371150595, 0.05548858305677815, 0.01766653474060156, -0.0839561103813775, -0.021170731794392706, 0.055289645004803205, 0.0757982975638101, 0.06049943361745507, -0.07412874669740191, -0.07530211887494039, 0.037545223272459266, -0.010986098885151008, 0.0743151972625996, -0.03601087385116344, -0.0830415125504863, -0.04654337902973236, 0.04481279674205956, 0.07658497213281151, -0.05681245114927289, -0.039939829743580506, 0.03766338607208746, 0.009018281601115508, -0.07210003021072744, 0.01876628813451682, -0.05685880753637882, -0.03308511643304444, -0.042067474851451174, 0.017003706696521514, -0.03856920196677327, 0.018229335854777262, 0.01607751207475836, -0.002834653806552723, 0.07806746788172524, 0.055698336266174445, 0.04657402660373127, 0.0759597468987786, -0.03560976321674314, -0.07928404478089686, 0.027146995791141527, 0.07118761981188944, 0.005792319422651327, -0.013714742780260658, 0.019652624462536374, 0.017090856677175737, 0.03502053681287205, -0.040290906379595606, -0.04677036686073924, 0.09608019602792923, 0.04346975229137531, 0.02846835459858861, -0.00962143394099444, -0.06614271232176165, 0.07961350458973533, 0.05694667308614674, -0.01361502720244836, -0.07374211045137678, -0.04868711491694982, -0.07086043507554239, -0.01762138824815136, 0.01832085742209635, 0.0526323120808208, 0.059853465622825786, -0.0628731106199314, 0.06636282322774985, 0.03484117848544217, -0.002426362318309838]


Total excitations: 846
Selected excitations: 86
LAS-USCCSD-VQE energy: -231.81127039333881612
LAS-USCCSD-NOSI energy: -231.80377738459418424
NOSI vector:  [  0.28350615+0.j   1.98562653+0.j   1.99538726+0.j -10.27730184+0.j
  -9.28599358+0.j  -0.54993684+0.j   0.69751958+0.j   0.05967056+0.j
  -1.21570067+0.j]
Minimum State energy: -231.80306308744582111
Amplitudes:
 [-0.07303310620290569, 0.05594324677674989, -0.05276475782319943, -0.0031972428649654997, -0.09046514401958083, -0.01347136523623378, -0.08604606172103163, -0.09308301592952961, 0.02168433780390724, -0.08220975967467861, 0.08892951520447163, 0.01440644877609123, -0.051856048248694636, 0.06574322030190834, -0.06786858401152616, -0.05718030375687047, -0.07496108903982811, -0.01679058656077135, 0.018477091298167148, 0.045115450081052534, 0.03572403371150595, 0.05548858305677815, 0.01766653474060156, -0.0839561103813775, -0.021170731794392706, 0.055289645004803205, 0.0757982975638101, 0.06049943361745507, -0.07412874669740191, -0.07530211887494039, 0.037545223272459266, -0.010986098885151008, 0.0743151972625996, -0.03601087385116344, -0.0830415125504863, -0.04654337902973236, 0.04481279674205956, 0.07658497213281151, -0.05681245114927289, -0.039939829743580506, 0.03766338607208746, 0.009018281601115508, -0.07210003021072744, 0.01876628813451682, -0.05685880753637882, -0.03308511643304444, -0.042067474851451174, 0.017003706696521514, -0.03856920196677327, 0.018229335854777262, 0.01607751207475836, -0.002834653806552723, 0.07806746788172524, 0.055698336266174445, 0.04657402660373127, 0.0759597468987786, -0.03560976321674314, -0.07928404478089686, 0.027146995791141527, 0.07118761981188944, 0.005792319422651327, -0.013714742780260658, 0.019652624462536374, 0.017090856677175737, 0.03502053681287205, -0.040290906379595606, -0.04677036686073924, 0.09608019602792923, 0.04346975229137531, 0.02846835459858861, -0.00962143394099444, -0.06614271232176165, 0.07961350458973533, 0.05694667308614674, -0.01361502720244836, -0.07374211045137678, -0.04868711491694982, -0.07086043507554239, -0.01762138824815136, 0.01832085742209635, 0.0526323120808208, 0.059853465622825786, -0.0628731106199314, 0.06636282322774985, 0.03484117848544217, -0.002426362318309838]


Total excitations: 846
Selected excitations: 86
LAS-USCCSD-VQE energy: -231.81127039333881612
LAS-USCCSD-NOSI energy: -231.80377738459418424
NOSI vector:  [  0.28350615+0.j   1.98562653+0.j   1.99538726+0.j -10.27730184+0.j
  -9.28599358+0.j  -0.54993684+0.j   0.69751958+0.j   0.05967056+0.j
  -1.21570067+0.j]
Minimum State energy: -231.80306308744582111
Amplitudes:
 [-0.07303310620290569, 0.05594324677674989, -0.05276475782319943, -0.0031972428649654997, -0.09046514401958083, -0.01347136523623378, -0.08604606172103163, -0.09308301592952961, 0.02168433780390724, -0.08220975967467861, 0.08892951520447163, 0.01440644877609123, -0.051856048248694636, 0.06574322030190834, -0.06786858401152616, -0.05718030375687047, -0.07496108903982811, -0.01679058656077135, 0.018477091298167148, 0.045115450081052534, 0.03572403371150595, 0.05548858305677815, 0.01766653474060156, -0.0839561103813775, -0.021170731794392706, 0.055289645004803205, 0.0757982975638101, 0.06049943361745507, -0.07412874669740191, -0.07530211887494039, 0.037545223272459266, -0.010986098885151008, 0.0743151972625996, -0.03601087385116344, -0.0830415125504863, -0.04654337902973236, 0.04481279674205956, 0.07658497213281151, -0.05681245114927289, -0.039939829743580506, 0.03766338607208746, 0.009018281601115508, -0.07210003021072744, 0.01876628813451682, -0.05685880753637882, -0.03308511643304444, -0.042067474851451174, 0.017003706696521514, -0.03856920196677327, 0.018229335854777262, 0.01607751207475836, -0.002834653806552723, 0.07806746788172524, 0.055698336266174445, 0.04657402660373127, 0.0759597468987786, -0.03560976321674314, -0.07928404478089686, 0.027146995791141527, 0.07118761981188944, 0.005792319422651327, -0.013714742780260658, 0.019652624462536374, 0.017090856677175737, 0.03502053681287205, -0.040290906379595606, -0.04677036686073924, 0.09608019602792923, 0.04346975229137531, 0.02846835459858861, -0.00962143394099444, -0.06614271232176165, 0.07961350458973533, 0.05694667308614674, -0.01361502720244836, -0.07374211045137678, -0.04868711491694982, -0.07086043507554239, -0.01762138824815136, 0.01832085742209635, 0.0526323120808208, 0.059853465622825786, -0.0628731106199314, 0.06636282322774985, 0.03484117848544217, -0.002426362318309838]


Total excitations: 846
Selected excitations: 86
LAS-USCCSD-VQE energy: -231.81127039333881612
LAS-USCCSD-NOSI energy: -231.80377738459418424
NOSI vector:  [  0.28350615+0.j   1.98562653+0.j   1.99538726+0.j -10.27730184+0.j
  -9.28599358+0.j  -0.54993684+0.j   0.69751958+0.j   0.05967056+0.j
  -1.21570067+0.j]
Minimum State energy: -231.80306308744582111
Amplitudes:
 [-0.07303310620290569, 0.05594324677674989, -0.05276475782319943, -0.0031972428649654997, -0.09046514401958083, -0.01347136523623378, -0.08604606172103163, -0.09308301592952961, 0.02168433780390724, -0.08220975967467861, 0.08892951520447163, 0.01440644877609123, -0.051856048248694636, 0.06574322030190834, -0.06786858401152616, -0.05718030375687047, -0.07496108903982811, -0.01679058656077135, 0.018477091298167148, 0.045115450081052534, 0.03572403371150595, 0.05548858305677815, 0.01766653474060156, -0.0839561103813775, -0.021170731794392706, 0.055289645004803205, 0.0757982975638101, 0.06049943361745507, -0.07412874669740191, -0.07530211887494039, 0.037545223272459266, -0.010986098885151008, 0.0743151972625996, -0.03601087385116344, -0.0830415125504863, -0.04654337902973236, 0.04481279674205956, 0.07658497213281151, -0.05681245114927289, -0.039939829743580506, 0.03766338607208746, 0.009018281601115508, -0.07210003021072744, 0.01876628813451682, -0.05685880753637882, -0.03308511643304444, -0.042067474851451174, 0.017003706696521514, -0.03856920196677327, 0.018229335854777262, 0.01607751207475836, -0.002834653806552723, 0.07806746788172524, 0.055698336266174445, 0.04657402660373127, 0.0759597468987786, -0.03560976321674314, -0.07928404478089686, 0.027146995791141527, 0.07118761981188944, 0.005792319422651327, -0.013714742780260658, 0.019652624462536374, 0.017090856677175737, 0.03502053681287205, -0.040290906379595606, -0.04677036686073924, 0.09608019602792923, 0.04346975229137531, 0.02846835459858861, -0.00962143394099444, -0.06614271232176165, 0.07961350458973533, 0.05694667308614674, -0.01361502720244836, -0.07374211045137678, -0.04868711491694982, -0.07086043507554239, -0.01762138824815136, 0.01832085742209635, 0.0526323120808208, 0.059853465622825786, -0.0628731106199314, 0.06636282322774985, 0.03484117848544217, -0.002426362318309838]


Total excitations: 846
Selected excitations: 86
LAS-USCCSD-VQE energy: -231.81127039333881612
LAS-USCCSD-NOSI energy: -231.80377738459418424
NOSI vector:  [  0.28350615+0.j   1.98562653+0.j   1.99538726+0.j -10.27730184+0.j
  -9.28599358+0.j  -0.54993684+0.j   0.69751958+0.j   0.05967056+0.j
  -1.21570067+0.j]
Minimum State energy: -231.80306308744582111
Amplitudes:
 [-0.07303310620290569, 0.05594324677674989, -0.05276475782319943, -0.0031972428649654997, -0.09046514401958083, -0.01347136523623378, -0.08604606172103163, -0.09308301592952961, 0.02168433780390724, -0.08220975967467861, 0.08892951520447163, 0.01440644877609123, -0.051856048248694636, 0.06574322030190834, -0.06786858401152616, -0.05718030375687047, -0.07496108903982811, -0.01679058656077135, 0.018477091298167148, 0.045115450081052534, 0.03572403371150595, 0.05548858305677815, 0.01766653474060156, -0.0839561103813775, -0.021170731794392706, 0.055289645004803205, 0.0757982975638101, 0.06049943361745507, -0.07412874669740191, -0.07530211887494039, 0.037545223272459266, -0.010986098885151008, 0.0743151972625996, -0.03601087385116344, -0.0830415125504863, -0.04654337902973236, 0.04481279674205956, 0.07658497213281151, -0.05681245114927289, -0.039939829743580506, 0.03766338607208746, 0.009018281601115508, -0.07210003021072744, 0.01876628813451682, -0.05685880753637882, -0.03308511643304444, -0.042067474851451174, 0.017003706696521514, -0.03856920196677327, 0.018229335854777262, 0.01607751207475836, -0.002834653806552723, 0.07806746788172524, 0.055698336266174445, 0.04657402660373127, 0.0759597468987786, -0.03560976321674314, -0.07928404478089686, 0.027146995791141527, 0.07118761981188944, 0.005792319422651327, -0.013714742780260658, 0.019652624462536374, 0.017090856677175737, 0.03502053681287205, -0.040290906379595606, -0.04677036686073924, 0.09608019602792923, 0.04346975229137531, 0.02846835459858861, -0.00962143394099444, -0.06614271232176165, 0.07961350458973533, 0.05694667308614674, -0.01361502720244836, -0.07374211045137678, -0.04868711491694982, -0.07086043507554239, -0.01762138824815136, 0.01832085742209635, 0.0526323120808208, 0.059853465622825786, -0.0628731106199314, 0.06636282322774985, 0.03484117848544217, -0.002426362318309838]


Total excitations: 846
Selected excitations: 86
LAS-USCCSD-VQE energy: -231.81127039333881612
LAS-USCCSD-NOSI energy: -231.80377738459418424
NOSI vector:  [  0.28350615+0.j   1.98562653+0.j   1.99538726+0.j -10.27730184+0.j
  -9.28599358+0.j  -0.54993684+0.j   0.69751958+0.j   0.05967056+0.j
  -1.21570067+0.j]
Minimum State energy: -231.80306308744582111
Amplitudes:
 [-0.07303310620290569, 0.05594324677674989, -0.05276475782319943, -0.0031972428649654997, -0.09046514401958083, -0.01347136523623378, -0.08604606172103163, -0.09308301592952961, 0.02168433780390724, -0.08220975967467861, 0.08892951520447163, 0.01440644877609123, -0.051856048248694636, 0.06574322030190834, -0.06786858401152616, -0.05718030375687047, -0.07496108903982811, -0.01679058656077135, 0.018477091298167148, 0.045115450081052534, 0.03572403371150595, 0.05548858305677815, 0.01766653474060156, -0.0839561103813775, -0.021170731794392706, 0.055289645004803205, 0.0757982975638101, 0.06049943361745507, -0.07412874669740191, -0.07530211887494039, 0.037545223272459266, -0.010986098885151008, 0.0743151972625996, -0.03601087385116344, -0.0830415125504863, -0.04654337902973236, 0.04481279674205956, 0.07658497213281151, -0.05681245114927289, -0.039939829743580506, 0.03766338607208746, 0.009018281601115508, -0.07210003021072744, 0.01876628813451682, -0.05685880753637882, -0.03308511643304444, -0.042067474851451174, 0.017003706696521514, -0.03856920196677327, 0.018229335854777262, 0.01607751207475836, -0.002834653806552723, 0.07806746788172524, 0.055698336266174445, 0.04657402660373127, 0.0759597468987786, -0.03560976321674314, -0.07928404478089686, 0.027146995791141527, 0.07118761981188944, 0.005792319422651327, -0.013714742780260658, 0.019652624462536374, 0.017090856677175737, 0.03502053681287205, -0.040290906379595606, -0.04677036686073924, 0.09608019602792923, 0.04346975229137531, 0.02846835459858861, -0.00962143394099444, -0.06614271232176165, 0.07961350458973533, 0.05694667308614674, -0.01361502720244836, -0.07374211045137678, -0.04868711491694982, -0.07086043507554239, -0.01762138824815136, 0.01832085742209635, 0.0526323120808208, 0.059853465622825786, -0.0628731106199314, 0.06636282322774985, 0.03484117848544217, -0.002426362318309838]


Total excitations: 846
Selected excitations: 86
LAS-USCCSD-VQE energy: -231.81127039333881612
LAS-USCCSD-NOSI energy: -231.80377738459418424
NOSI vector:  [  0.28350615+0.j   1.98562653+0.j   1.99538726+0.j -10.27730184+0.j
  -9.28599358+0.j  -0.54993684+0.j   0.69751958+0.j   0.05967056+0.j
  -1.21570067+0.j]
Minimum State energy: -231.80306308744582111
Amplitudes:
 [-0.07303310620290569, 0.05594324677674989, -0.05276475782319943, -0.0031972428649654997, -0.09046514401958083, -0.01347136523623378, -0.08604606172103163, -0.09308301592952961, 0.02168433780390724, -0.08220975967467861, 0.08892951520447163, 0.01440644877609123, -0.051856048248694636, 0.06574322030190834, -0.06786858401152616, -0.05718030375687047, -0.07496108903982811, -0.01679058656077135, 0.018477091298167148, 0.045115450081052534, 0.03572403371150595, 0.05548858305677815, 0.01766653474060156, -0.0839561103813775, -0.021170731794392706, 0.055289645004803205, 0.0757982975638101, 0.06049943361745507, -0.07412874669740191, -0.07530211887494039, 0.037545223272459266, -0.010986098885151008, 0.0743151972625996, -0.03601087385116344, -0.0830415125504863, -0.04654337902973236, 0.04481279674205956, 0.07658497213281151, -0.05681245114927289, -0.039939829743580506, 0.03766338607208746, 0.009018281601115508, -0.07210003021072744, 0.01876628813451682, -0.05685880753637882, -0.03308511643304444, -0.042067474851451174, 0.017003706696521514, -0.03856920196677327, 0.018229335854777262, 0.01607751207475836, -0.002834653806552723, 0.07806746788172524, 0.055698336266174445, 0.04657402660373127, 0.0759597468987786, -0.03560976321674314, -0.07928404478089686, 0.027146995791141527, 0.07118761981188944, 0.005792319422651327, -0.013714742780260658, 0.019652624462536374, 0.017090856677175737, 0.03502053681287205, -0.040290906379595606, -0.04677036686073924, 0.09608019602792923, 0.04346975229137531, 0.02846835459858861, -0.00962143394099444, -0.06614271232176165, 0.07961350458973533, 0.05694667308614674, -0.01361502720244836, -0.07374211045137678, -0.04868711491694982, -0.07086043507554239, -0.01762138824815136, 0.01832085742209635, 0.0526323120808208, 0.059853465622825786, -0.0628731106199314, 0.06636282322774985, 0.03484117848544217, -0.002426362318309838]


Total excitations: 846
Selected excitations: 86
LAS-USCCSD-VQE energy: -231.81127039333881612
LAS-USCCSD-NOSI energy: -231.80377738459418424
NOSI vector:  [  0.28350615+0.j   1.98562653+0.j   1.99538726+0.j -10.27730184+0.j
  -9.28599358+0.j  -0.54993684+0.j   0.69751958+0.j   0.05967056+0.j
  -1.21570067+0.j]
Minimum State energy: -231.80306308744582111
Amplitudes:
 [-0.07303310620290569, 0.05594324677674989, -0.05276475782319943, -0.0031972428649654997, -0.09046514401958083, -0.01347136523623378, -0.08604606172103163, -0.09308301592952961, 0.02168433780390724, -0.08220975967467861, 0.08892951520447163, 0.01440644877609123, -0.051856048248694636, 0.06574322030190834, -0.06786858401152616, -0.05718030375687047, -0.07496108903982811, -0.01679058656077135, 0.018477091298167148, 0.045115450081052534, 0.03572403371150595, 0.05548858305677815, 0.01766653474060156, -0.0839561103813775, -0.021170731794392706, 0.055289645004803205, 0.0757982975638101, 0.06049943361745507, -0.07412874669740191, -0.07530211887494039, 0.037545223272459266, -0.010986098885151008, 0.0743151972625996, -0.03601087385116344, -0.0830415125504863, -0.04654337902973236, 0.04481279674205956, 0.07658497213281151, -0.05681245114927289, -0.039939829743580506, 0.03766338607208746, 0.009018281601115508, -0.07210003021072744, 0.01876628813451682, -0.05685880753637882, -0.03308511643304444, -0.042067474851451174, 0.017003706696521514, -0.03856920196677327, 0.018229335854777262, 0.01607751207475836, -0.002834653806552723, 0.07806746788172524, 0.055698336266174445, 0.04657402660373127, 0.0759597468987786, -0.03560976321674314, -0.07928404478089686, 0.027146995791141527, 0.07118761981188944, 0.005792319422651327, -0.013714742780260658, 0.019652624462536374, 0.017090856677175737, 0.03502053681287205, -0.040290906379595606, -0.04677036686073924, 0.09608019602792923, 0.04346975229137531, 0.02846835459858861, -0.00962143394099444, -0.06614271232176165, 0.07961350458973533, 0.05694667308614674, -0.01361502720244836, -0.07374211045137678, -0.04868711491694982, -0.07086043507554239, -0.01762138824815136, 0.01832085742209635, 0.0526323120808208, 0.059853465622825786, -0.0628731106199314, 0.06636282322774985, 0.03484117848544217, -0.002426362318309838]


Total excitations: 846
Selected excitations: 86
LAS-USCCSD-VQE energy: -231.81127039333881612
LAS-USCCSD-NOSI energy: -231.80377738459418424
NOSI vector:  [  0.28350615+0.j   1.98562653+0.j   1.99538726+0.j -10.27730184+0.j
  -9.28599358+0.j  -0.54993684+0.j   0.69751958+0.j   0.05967056+0.j
  -1.21570067+0.j]
Minimum State energy: -231.80306308744582111
Amplitudes:
 [-0.07303310620290569, 0.05594324677674989, -0.05276475782319943, -0.0031972428649654997, -0.09046514401958083, -0.01347136523623378, -0.08604606172103163, -0.09308301592952961, 0.02168433780390724, -0.08220975967467861, 0.08892951520447163, 0.01440644877609123, -0.051856048248694636, 0.06574322030190834, -0.06786858401152616, -0.05718030375687047, -0.07496108903982811, -0.01679058656077135, 0.018477091298167148, 0.045115450081052534, 0.03572403371150595, 0.05548858305677815, 0.01766653474060156, -0.0839561103813775, -0.021170731794392706, 0.055289645004803205, 0.0757982975638101, 0.06049943361745507, -0.07412874669740191, -0.07530211887494039, 0.037545223272459266, -0.010986098885151008, 0.0743151972625996, -0.03601087385116344, -0.0830415125504863, -0.04654337902973236, 0.04481279674205956, 0.07658497213281151, -0.05681245114927289, -0.039939829743580506, 0.03766338607208746, 0.009018281601115508, -0.07210003021072744, 0.01876628813451682, -0.05685880753637882, -0.03308511643304444, -0.042067474851451174, 0.017003706696521514, -0.03856920196677327, 0.018229335854777262, 0.01607751207475836, -0.002834653806552723, 0.07806746788172524, 0.055698336266174445, 0.04657402660373127, 0.0759597468987786, -0.03560976321674314, -0.07928404478089686, 0.027146995791141527, 0.07118761981188944, 0.005792319422651327, -0.013714742780260658, 0.019652624462536374, 0.017090856677175737, 0.03502053681287205, -0.040290906379595606, -0.04677036686073924, 0.09608019602792923, 0.04346975229137531, 0.02846835459858861, -0.00962143394099444, -0.06614271232176165, 0.07961350458973533, 0.05694667308614674, -0.01361502720244836, -0.07374211045137678, -0.04868711491694982, -0.07086043507554239, -0.01762138824815136, 0.01832085742209635, 0.0526323120808208, 0.059853465622825786, -0.0628731106199314, 0.06636282322774985, 0.03484117848544217, -0.002426362318309838]


Total excitations: 846
Selected excitations: 86
LAS-USCCSD-VQE energy: -231.81127039333881612
LAS-USCCSD-NOSI energy: -231.80377738459418424
NOSI vector:  [  0.28350615+0.j   1.98562653+0.j   1.99538726+0.j -10.27730184+0.j
  -9.28599358+0.j  -0.54993684+0.j   0.69751958+0.j   0.05967056+0.j
  -1.21570067+0.j]
Minimum State energy: -231.80306308744582111
Amplitudes:
 [-0.07303310620290569, 0.05594324677674989, -0.05276475782319943, -0.0031972428649654997, -0.09046514401958083, -0.01347136523623378, -0.08604606172103163, -0.09308301592952961, 0.02168433780390724, -0.08220975967467861, 0.08892951520447163, 0.01440644877609123, -0.051856048248694636, 0.06574322030190834, -0.06786858401152616, -0.05718030375687047, -0.07496108903982811, -0.01679058656077135, 0.018477091298167148, 0.045115450081052534, 0.03572403371150595, 0.05548858305677815, 0.01766653474060156, -0.0839561103813775, -0.021170731794392706, 0.055289645004803205, 0.0757982975638101, 0.06049943361745507, -0.07412874669740191, -0.07530211887494039, 0.037545223272459266, -0.010986098885151008, 0.0743151972625996, -0.03601087385116344, -0.0830415125504863, -0.04654337902973236, 0.04481279674205956, 0.07658497213281151, -0.05681245114927289, -0.039939829743580506, 0.03766338607208746, 0.009018281601115508, -0.07210003021072744, 0.01876628813451682, -0.05685880753637882, -0.03308511643304444, -0.042067474851451174, 0.017003706696521514, -0.03856920196677327, 0.018229335854777262, 0.01607751207475836, -0.002834653806552723, 0.07806746788172524, 0.055698336266174445, 0.04657402660373127, 0.0759597468987786, -0.03560976321674314, -0.07928404478089686, 0.027146995791141527, 0.07118761981188944, 0.005792319422651327, -0.013714742780260658, 0.019652624462536374, 0.017090856677175737, 0.03502053681287205, -0.040290906379595606, -0.04677036686073924, 0.09608019602792923, 0.04346975229137531, 0.02846835459858861, -0.00962143394099444, -0.06614271232176165, 0.07961350458973533, 0.05694667308614674, -0.01361502720244836, -0.07374211045137678, -0.04868711491694982, -0.07086043507554239, -0.01762138824815136, 0.01832085742209635, 0.0526323120808208, 0.059853465622825786, -0.0628731106199314, 0.06636282322774985, 0.03484117848544217, -0.002426362318309838]





