Using AMPLITUDE argument: -0.01
Molecule C6_631G: 
overwrite output file: c6_631g.out
Selected 6 CIs out of 7 total CIs
Condition number of S matrix:  70153.52545186531
Selected 8 CIs out of 17 total CIs
Condition number of S matrix:  93537.68185422556
Selected 8 CIs out of 25 total CIs
Condition number of S matrix:  93537.55516619327
Selected 8 CIs out of 33 total CIs
Condition number of S matrix:  91661.18369497728
Selected 8 CIs out of 41 total CIs
Condition number of S matrix:  91661.18369497728
Selected 8 CIs out of 45 total CIs
Condition number of S matrix:  91661.18369497728
Selected 8 CIs out of 57 total CIs
Condition number of S matrix:  91661.18369497728
Selected 8 CIs out of 69 total CIs
Condition number of S matrix:  91661.18369497728
Selected 8 CIs out of 75 total CIs
Condition number of S matrix:  91661.18369497728
Selected 8 CIs out of 83 total CIs
Condition number of S matrix:  91661.18369497728
CASCI energy: -231.81276306691472655
LASSCF energy: -231.80270288987676963
Total excitations: 846
Selected excitations: 82
LAS-USCCSD-VQE energy: -231.81122656569954188
LAS-USCCSD-NOSI energy: -231.80307743956726085
NOSI vector:  [ -0.84737523+0.j  63.12877158+0.j  39.72218157+0.j   7.98784161+0.j
  44.09357192+0.j  36.63591269+0.j -21.5390731 +0.j   9.31179515+0.j]
Minimum State energy: -231.80298161285170977
Amplitudes:
 [-0.01, 0.01, 0.01, 0.01, -0.01, -0.01, -0.01, -0.01, -0.01, 0.01, -0.01, -0.01, 0.01, -0.01, -0.01, 0.01, -0.01, -0.01, -0.01, -0.01, -0.01, 0.01, 0.01, 0.01, 0.01, 0.01, -0.01, -0.01, -0.01, -0.01, -0.01, -0.01, -0.01, 0.01, -0.01, 0.01, -0.01, 0.01, 0.01, -0.01, 0.01, -0.01, -0.01, 0.01, 0.01, -0.01, -0.01, -0.01, -0.01, 0.01, -0.01, -0.01, 0.01, -0.01, 0.01, 0.01, 0.01, -0.01, 0.01, 0.01, 0.01, 0.01, -0.01, -0.01, -0.01, -0.01, -0.01, 0.01, -0.01, -0.01, -0.01, -0.01, 0.01, -0.01, -0.01, 0.01, -0.01, -0.01, -0.01, -0.01, -0.01, 0.01]


Total excitations: 846
Selected excitations: 82
LAS-USCCSD-VQE energy: -231.81122656569954188
LAS-USCCSD-NOSI energy: -231.80307743956726085
NOSI vector:  [ -0.84737523+0.j  63.12877158+0.j  39.72218157+0.j   7.98784161+0.j
  44.09357192+0.j  36.63591269+0.j -21.5390731 +0.j   9.31179515+0.j]
Minimum State energy: -231.80298161285170977
Amplitudes:
 [-0.01, 0.01, 0.01, 0.01, -0.01, -0.01, -0.01, -0.01, -0.01, 0.01, -0.01, -0.01, 0.01, -0.01, -0.01, 0.01, -0.01, -0.01, -0.01, -0.01, -0.01, 0.01, 0.01, 0.01, 0.01, 0.01, -0.01, -0.01, -0.01, -0.01, -0.01, -0.01, -0.01, 0.01, -0.01, 0.01, -0.01, 0.01, 0.01, -0.01, 0.01, -0.01, -0.01, 0.01, 0.01, -0.01, -0.01, -0.01, -0.01, 0.01, -0.01, -0.01, 0.01, -0.01, 0.01, 0.01, 0.01, -0.01, 0.01, 0.01, 0.01, 0.01, -0.01, -0.01, -0.01, -0.01, -0.01, 0.01, -0.01, -0.01, -0.01, -0.01, 0.01, -0.01, -0.01, 0.01, -0.01, -0.01, -0.01, -0.01, -0.01, 0.01]


Total excitations: 846
Selected excitations: 82
LAS-USCCSD-VQE energy: -231.81122656569954188
LAS-USCCSD-NOSI energy: -231.80307743956726085
NOSI vector:  [ -0.84737523+0.j  63.12877158+0.j  39.72218157+0.j   7.98784161+0.j
  44.09357192+0.j  36.63591269+0.j -21.5390731 +0.j   9.31179515+0.j]
Minimum State energy: -231.80298161285170977
Amplitudes:
 [-0.01, 0.01, 0.01, 0.01, -0.01, -0.01, -0.01, -0.01, -0.01, 0.01, -0.01, -0.01, 0.01, -0.01, -0.01, 0.01, -0.01, -0.01, -0.01, -0.01, -0.01, 0.01, 0.01, 0.01, 0.01, 0.01, -0.01, -0.01, -0.01, -0.01, -0.01, -0.01, -0.01, 0.01, -0.01, 0.01, -0.01, 0.01, 0.01, -0.01, 0.01, -0.01, -0.01, 0.01, 0.01, -0.01, -0.01, -0.01, -0.01, 0.01, -0.01, -0.01, 0.01, -0.01, 0.01, 0.01, 0.01, -0.01, 0.01, 0.01, 0.01, 0.01, -0.01, -0.01, -0.01, -0.01, -0.01, 0.01, -0.01, -0.01, -0.01, -0.01, 0.01, -0.01, -0.01, 0.01, -0.01, -0.01, -0.01, -0.01, -0.01, 0.01]


Total excitations: 846
Selected excitations: 82
LAS-USCCSD-VQE energy: -231.81122656569954188
LAS-USCCSD-NOSI energy: -231.80307743956726085
NOSI vector:  [ -0.84737523+0.j  63.12877158+0.j  39.72218157+0.j   7.98784161+0.j
  44.09357192+0.j  36.63591269+0.j -21.5390731 +0.j   9.31179515+0.j]
Minimum State energy: -231.80298161285170977
Amplitudes:
 [-0.01, 0.01, 0.01, 0.01, -0.01, -0.01, -0.01, -0.01, -0.01, 0.01, -0.01, -0.01, 0.01, -0.01, -0.01, 0.01, -0.01, -0.01, -0.01, -0.01, -0.01, 0.01, 0.01, 0.01, 0.01, 0.01, -0.01, -0.01, -0.01, -0.01, -0.01, -0.01, -0.01, 0.01, -0.01, 0.01, -0.01, 0.01, 0.01, -0.01, 0.01, -0.01, -0.01, 0.01, 0.01, -0.01, -0.01, -0.01, -0.01, 0.01, -0.01, -0.01, 0.01, -0.01, 0.01, 0.01, 0.01, -0.01, 0.01, 0.01, 0.01, 0.01, -0.01, -0.01, -0.01, -0.01, -0.01, 0.01, -0.01, -0.01, -0.01, -0.01, 0.01, -0.01, -0.01, 0.01, -0.01, -0.01, -0.01, -0.01, -0.01, 0.01]


Total excitations: 846
Selected excitations: 82
LAS-USCCSD-VQE energy: -231.81122656569954188
LAS-USCCSD-NOSI energy: -231.80307743956726085
NOSI vector:  [ -0.84737523+0.j  63.12877158+0.j  39.72218157+0.j   7.98784161+0.j
  44.09357192+0.j  36.63591269+0.j -21.5390731 +0.j   9.31179515+0.j]
Minimum State energy: -231.80298161285170977
Amplitudes:
 [-0.01, 0.01, 0.01, 0.01, -0.01, -0.01, -0.01, -0.01, -0.01, 0.01, -0.01, -0.01, 0.01, -0.01, -0.01, 0.01, -0.01, -0.01, -0.01, -0.01, -0.01, 0.01, 0.01, 0.01, 0.01, 0.01, -0.01, -0.01, -0.01, -0.01, -0.01, -0.01, -0.01, 0.01, -0.01, 0.01, -0.01, 0.01, 0.01, -0.01, 0.01, -0.01, -0.01, 0.01, 0.01, -0.01, -0.01, -0.01, -0.01, 0.01, -0.01, -0.01, 0.01, -0.01, 0.01, 0.01, 0.01, -0.01, 0.01, 0.01, 0.01, 0.01, -0.01, -0.01, -0.01, -0.01, -0.01, 0.01, -0.01, -0.01, -0.01, -0.01, 0.01, -0.01, -0.01, 0.01, -0.01, -0.01, -0.01, -0.01, -0.01, 0.01]


Total excitations: 846
Selected excitations: 82
LAS-USCCSD-VQE energy: -231.81122656569954188
LAS-USCCSD-NOSI energy: -231.80307743956726085
NOSI vector:  [ -0.84737523+0.j  63.12877158+0.j  39.72218157+0.j   7.98784161+0.j
  44.09357192+0.j  36.63591269+0.j -21.5390731 +0.j   9.31179515+0.j]
Minimum State energy: -231.80298161285170977
Amplitudes:
 [-0.01, 0.01, 0.01, 0.01, -0.01, -0.01, -0.01, -0.01, -0.01, 0.01, -0.01, -0.01, 0.01, -0.01, -0.01, 0.01, -0.01, -0.01, -0.01, -0.01, -0.01, 0.01, 0.01, 0.01, 0.01, 0.01, -0.01, -0.01, -0.01, -0.01, -0.01, -0.01, -0.01, 0.01, -0.01, 0.01, -0.01, 0.01, 0.01, -0.01, 0.01, -0.01, -0.01, 0.01, 0.01, -0.01, -0.01, -0.01, -0.01, 0.01, -0.01, -0.01, 0.01, -0.01, 0.01, 0.01, 0.01, -0.01, 0.01, 0.01, 0.01, 0.01, -0.01, -0.01, -0.01, -0.01, -0.01, 0.01, -0.01, -0.01, -0.01, -0.01, 0.01, -0.01, -0.01, 0.01, -0.01, -0.01, -0.01, -0.01, -0.01, 0.01]


Total excitations: 846
Selected excitations: 82
LAS-USCCSD-VQE energy: -231.81122656569954188
LAS-USCCSD-NOSI energy: -231.80307743956726085
NOSI vector:  [ -0.84737523+0.j  63.12877158+0.j  39.72218157+0.j   7.98784161+0.j
  44.09357192+0.j  36.63591269+0.j -21.5390731 +0.j   9.31179515+0.j]
Minimum State energy: -231.80298161285170977
Amplitudes:
 [-0.01, 0.01, 0.01, 0.01, -0.01, -0.01, -0.01, -0.01, -0.01, 0.01, -0.01, -0.01, 0.01, -0.01, -0.01, 0.01, -0.01, -0.01, -0.01, -0.01, -0.01, 0.01, 0.01, 0.01, 0.01, 0.01, -0.01, -0.01, -0.01, -0.01, -0.01, -0.01, -0.01, 0.01, -0.01, 0.01, -0.01, 0.01, 0.01, -0.01, 0.01, -0.01, -0.01, 0.01, 0.01, -0.01, -0.01, -0.01, -0.01, 0.01, -0.01, -0.01, 0.01, -0.01, 0.01, 0.01, 0.01, -0.01, 0.01, 0.01, 0.01, 0.01, -0.01, -0.01, -0.01, -0.01, -0.01, 0.01, -0.01, -0.01, -0.01, -0.01, 0.01, -0.01, -0.01, 0.01, -0.01, -0.01, -0.01, -0.01, -0.01, 0.01]


Total excitations: 846
Selected excitations: 82
LAS-USCCSD-VQE energy: -231.81122656569954188
LAS-USCCSD-NOSI energy: -231.80307743956726085
NOSI vector:  [ -0.84737523+0.j  63.12877158+0.j  39.72218157+0.j   7.98784161+0.j
  44.09357192+0.j  36.63591269+0.j -21.5390731 +0.j   9.31179515+0.j]
Minimum State energy: -231.80298161285170977
Amplitudes:
 [-0.01, 0.01, 0.01, 0.01, -0.01, -0.01, -0.01, -0.01, -0.01, 0.01, -0.01, -0.01, 0.01, -0.01, -0.01, 0.01, -0.01, -0.01, -0.01, -0.01, -0.01, 0.01, 0.01, 0.01, 0.01, 0.01, -0.01, -0.01, -0.01, -0.01, -0.01, -0.01, -0.01, 0.01, -0.01, 0.01, -0.01, 0.01, 0.01, -0.01, 0.01, -0.01, -0.01, 0.01, 0.01, -0.01, -0.01, -0.01, -0.01, 0.01, -0.01, -0.01, 0.01, -0.01, 0.01, 0.01, 0.01, -0.01, 0.01, 0.01, 0.01, 0.01, -0.01, -0.01, -0.01, -0.01, -0.01, 0.01, -0.01, -0.01, -0.01, -0.01, 0.01, -0.01, -0.01, 0.01, -0.01, -0.01, -0.01, -0.01, -0.01, 0.01]


Total excitations: 846
Selected excitations: 82
LAS-USCCSD-VQE energy: -231.81122656569954188
LAS-USCCSD-NOSI energy: -231.80307743956726085
NOSI vector:  [ -0.84737523+0.j  63.12877158+0.j  39.72218157+0.j   7.98784161+0.j
  44.09357192+0.j  36.63591269+0.j -21.5390731 +0.j   9.31179515+0.j]
Minimum State energy: -231.80298161285170977
Amplitudes:
 [-0.01, 0.01, 0.01, 0.01, -0.01, -0.01, -0.01, -0.01, -0.01, 0.01, -0.01, -0.01, 0.01, -0.01, -0.01, 0.01, -0.01, -0.01, -0.01, -0.01, -0.01, 0.01, 0.01, 0.01, 0.01, 0.01, -0.01, -0.01, -0.01, -0.01, -0.01, -0.01, -0.01, 0.01, -0.01, 0.01, -0.01, 0.01, 0.01, -0.01, 0.01, -0.01, -0.01, 0.01, 0.01, -0.01, -0.01, -0.01, -0.01, 0.01, -0.01, -0.01, 0.01, -0.01, 0.01, 0.01, 0.01, -0.01, 0.01, 0.01, 0.01, 0.01, -0.01, -0.01, -0.01, -0.01, -0.01, 0.01, -0.01, -0.01, -0.01, -0.01, 0.01, -0.01, -0.01, 0.01, -0.01, -0.01, -0.01, -0.01, -0.01, 0.01]


Total excitations: 846
Selected excitations: 82
LAS-USCCSD-VQE energy: -231.81122656569954188
LAS-USCCSD-NOSI energy: -231.80307743956726085
NOSI vector:  [ -0.84737523+0.j  63.12877158+0.j  39.72218157+0.j   7.98784161+0.j
  44.09357192+0.j  36.63591269+0.j -21.5390731 +0.j   9.31179515+0.j]
Minimum State energy: -231.80298161285170977
Amplitudes:
 [-0.01, 0.01, 0.01, 0.01, -0.01, -0.01, -0.01, -0.01, -0.01, 0.01, -0.01, -0.01, 0.01, -0.01, -0.01, 0.01, -0.01, -0.01, -0.01, -0.01, -0.01, 0.01, 0.01, 0.01, 0.01, 0.01, -0.01, -0.01, -0.01, -0.01, -0.01, -0.01, -0.01, 0.01, -0.01, 0.01, -0.01, 0.01, 0.01, -0.01, 0.01, -0.01, -0.01, 0.01, 0.01, -0.01, -0.01, -0.01, -0.01, 0.01, -0.01, -0.01, 0.01, -0.01, 0.01, 0.01, 0.01, -0.01, 0.01, 0.01, 0.01, 0.01, -0.01, -0.01, -0.01, -0.01, -0.01, 0.01, -0.01, -0.01, -0.01, -0.01, 0.01, -0.01, -0.01, 0.01, -0.01, -0.01, -0.01, -0.01, -0.01, 0.01]





