Using AMPLITUDE argument: 0.01
Molecule C6_631G: 
overwrite output file: c6_631g.out
Selected 6 CIs out of 7 total CIs
Condition number of S matrix:  70153.52545876066
Selected 8 CIs out of 15 total CIs
Condition number of S matrix:  93537.68184771437
Selected 8 CIs out of 25 total CIs
Condition number of S matrix:  93537.55515905877
Selected 8 CIs out of 33 total CIs
Condition number of S matrix:  91661.18368875197
Selected 8 CIs out of 41 total CIs
Condition number of S matrix:  91661.18368875197
Selected 8 CIs out of 45 total CIs
Condition number of S matrix:  91661.18368875197
Selected 8 CIs out of 57 total CIs
Condition number of S matrix:  91661.18368875197
Selected 8 CIs out of 69 total CIs
Condition number of S matrix:  91661.18368875197
Selected 8 CIs out of 75 total CIs
Condition number of S matrix:  91661.18368875197
Selected 8 CIs out of 83 total CIs
Condition number of S matrix:  91661.18368875197
CASCI energy: -231.81276306691523814
LASSCF energy: -231.80270288987654226
Total excitations: 846
Selected excitations: 82
LAS-USCCSD-VQE energy: -231.81114350046766504
LAS-USCCSD-NOSI energy: -231.80265852004725957
NOSI vector:  [  0.55460373+0.j  63.12877168+0.j  39.72651988+0.j   7.98784066+0.j
 -44.09335915+0.j  36.63591286+0.j -21.54133327+0.j  -9.31110621+0.j]
Minimum State energy: -231.80270288987651384
Amplitudes:
 [0.01, -0.01, -0.01, 0.01, -0.01, 0.01, 0.01, 0.01, 0.01, 0.01, 0.01, 0.01, 0.01, -0.01, 0.01, 0.01, -0.01, 0.01, 0.01, -0.01, -0.01, 0.01, 0.01, 0.01, 0.01, 0.01, 0.01, -0.01, 0.01, 0.01, 0.01, 0.01, -0.01, -0.01, 0.01, 0.01, 0.01, 0.01, 0.01, -0.01, -0.01, 0.01, -0.01, 0.01, -0.01, 0.01, 0.01, -0.01, -0.01, -0.01, -0.01, -0.01, -0.01, -0.01, 0.01, 0.01, 0.01, -0.01, 0.01, 0.01, -0.01, 0.01, 0.01, 0.01, 0.01, 0.01, -0.01, -0.01, -0.01, -0.01, 0.01, -0.01, -0.01, -0.01, -0.01, -0.01, 0.01, -0.01, -0.01, 0.01, -0.01, 0.01]


Total excitations: 846
Selected excitations: 82
LAS-USCCSD-VQE energy: -231.81114350046766504
LAS-USCCSD-NOSI energy: -231.80265852004725957
NOSI vector:  [  0.55460373+0.j  63.12877168+0.j  39.72651988+0.j   7.98784066+0.j
 -44.09335915+0.j  36.63591286+0.j -21.54133327+0.j  -9.31110621+0.j]
Minimum State energy: -231.80270288987651384
Amplitudes:
 [0.01, -0.01, -0.01, 0.01, -0.01, 0.01, 0.01, 0.01, 0.01, 0.01, 0.01, 0.01, 0.01, -0.01, 0.01, 0.01, -0.01, 0.01, 0.01, -0.01, -0.01, 0.01, 0.01, 0.01, 0.01, 0.01, 0.01, -0.01, 0.01, 0.01, 0.01, 0.01, -0.01, -0.01, 0.01, 0.01, 0.01, 0.01, 0.01, -0.01, -0.01, 0.01, -0.01, 0.01, -0.01, 0.01, 0.01, -0.01, -0.01, -0.01, -0.01, -0.01, -0.01, -0.01, 0.01, 0.01, 0.01, -0.01, 0.01, 0.01, -0.01, 0.01, 0.01, 0.01, 0.01, 0.01, -0.01, -0.01, -0.01, -0.01, 0.01, -0.01, -0.01, -0.01, -0.01, -0.01, 0.01, -0.01, -0.01, 0.01, -0.01, 0.01]


Total excitations: 846
Selected excitations: 82
LAS-USCCSD-VQE energy: -231.81114350046766504
LAS-USCCSD-NOSI energy: -231.80265852004725957
NOSI vector:  [  0.55460373+0.j  63.12877168+0.j  39.72651988+0.j   7.98784066+0.j
 -44.09335915+0.j  36.63591286+0.j -21.54133327+0.j  -9.31110621+0.j]
Minimum State energy: -231.80270288987651384
Amplitudes:
 [0.01, -0.01, -0.01, 0.01, -0.01, 0.01, 0.01, 0.01, 0.01, 0.01, 0.01, 0.01, 0.01, -0.01, 0.01, 0.01, -0.01, 0.01, 0.01, -0.01, -0.01, 0.01, 0.01, 0.01, 0.01, 0.01, 0.01, -0.01, 0.01, 0.01, 0.01, 0.01, -0.01, -0.01, 0.01, 0.01, 0.01, 0.01, 0.01, -0.01, -0.01, 0.01, -0.01, 0.01, -0.01, 0.01, 0.01, -0.01, -0.01, -0.01, -0.01, -0.01, -0.01, -0.01, 0.01, 0.01, 0.01, -0.01, 0.01, 0.01, -0.01, 0.01, 0.01, 0.01, 0.01, 0.01, -0.01, -0.01, -0.01, -0.01, 0.01, -0.01, -0.01, -0.01, -0.01, -0.01, 0.01, -0.01, -0.01, 0.01, -0.01, 0.01]


Total excitations: 846
Selected excitations: 82
LAS-USCCSD-VQE energy: -231.81114350046766504
LAS-USCCSD-NOSI energy: -231.80265852004725957
NOSI vector:  [  0.55460373+0.j  63.12877168+0.j  39.72651988+0.j   7.98784066+0.j
 -44.09335915+0.j  36.63591286+0.j -21.54133327+0.j  -9.31110621+0.j]
Minimum State energy: -231.80270288987651384
Amplitudes:
 [0.01, -0.01, -0.01, 0.01, -0.01, 0.01, 0.01, 0.01, 0.01, 0.01, 0.01, 0.01, 0.01, -0.01, 0.01, 0.01, -0.01, 0.01, 0.01, -0.01, -0.01, 0.01, 0.01, 0.01, 0.01, 0.01, 0.01, -0.01, 0.01, 0.01, 0.01, 0.01, -0.01, -0.01, 0.01, 0.01, 0.01, 0.01, 0.01, -0.01, -0.01, 0.01, -0.01, 0.01, -0.01, 0.01, 0.01, -0.01, -0.01, -0.01, -0.01, -0.01, -0.01, -0.01, 0.01, 0.01, 0.01, -0.01, 0.01, 0.01, -0.01, 0.01, 0.01, 0.01, 0.01, 0.01, -0.01, -0.01, -0.01, -0.01, 0.01, -0.01, -0.01, -0.01, -0.01, -0.01, 0.01, -0.01, -0.01, 0.01, -0.01, 0.01]


Total excitations: 846
Selected excitations: 82
LAS-USCCSD-VQE energy: -231.81114350046766504
LAS-USCCSD-NOSI energy: -231.80265852004725957
NOSI vector:  [  0.55460373+0.j  63.12877168+0.j  39.72651988+0.j   7.98784066+0.j
 -44.09335915+0.j  36.63591286+0.j -21.54133327+0.j  -9.31110621+0.j]
Minimum State energy: -231.80270288987651384
Amplitudes:
 [0.01, -0.01, -0.01, 0.01, -0.01, 0.01, 0.01, 0.01, 0.01, 0.01, 0.01, 0.01, 0.01, -0.01, 0.01, 0.01, -0.01, 0.01, 0.01, -0.01, -0.01, 0.01, 0.01, 0.01, 0.01, 0.01, 0.01, -0.01, 0.01, 0.01, 0.01, 0.01, -0.01, -0.01, 0.01, 0.01, 0.01, 0.01, 0.01, -0.01, -0.01, 0.01, -0.01, 0.01, -0.01, 0.01, 0.01, -0.01, -0.01, -0.01, -0.01, -0.01, -0.01, -0.01, 0.01, 0.01, 0.01, -0.01, 0.01, 0.01, -0.01, 0.01, 0.01, 0.01, 0.01, 0.01, -0.01, -0.01, -0.01, -0.01, 0.01, -0.01, -0.01, -0.01, -0.01, -0.01, 0.01, -0.01, -0.01, 0.01, -0.01, 0.01]


Total excitations: 846
Selected excitations: 82
LAS-USCCSD-VQE energy: -231.81114350046766504
LAS-USCCSD-NOSI energy: -231.80265852004725957
NOSI vector:  [  0.55460373+0.j  63.12877168+0.j  39.72651988+0.j   7.98784066+0.j
 -44.09335915+0.j  36.63591286+0.j -21.54133327+0.j  -9.31110621+0.j]
Minimum State energy: -231.80270288987651384
Amplitudes:
 [0.01, -0.01, -0.01, 0.01, -0.01, 0.01, 0.01, 0.01, 0.01, 0.01, 0.01, 0.01, 0.01, -0.01, 0.01, 0.01, -0.01, 0.01, 0.01, -0.01, -0.01, 0.01, 0.01, 0.01, 0.01, 0.01, 0.01, -0.01, 0.01, 0.01, 0.01, 0.01, -0.01, -0.01, 0.01, 0.01, 0.01, 0.01, 0.01, -0.01, -0.01, 0.01, -0.01, 0.01, -0.01, 0.01, 0.01, -0.01, -0.01, -0.01, -0.01, -0.01, -0.01, -0.01, 0.01, 0.01, 0.01, -0.01, 0.01, 0.01, -0.01, 0.01, 0.01, 0.01, 0.01, 0.01, -0.01, -0.01, -0.01, -0.01, 0.01, -0.01, -0.01, -0.01, -0.01, -0.01, 0.01, -0.01, -0.01, 0.01, -0.01, 0.01]


Total excitations: 846
Selected excitations: 82
LAS-USCCSD-VQE energy: -231.81114350046766504
LAS-USCCSD-NOSI energy: -231.80265852004725957
NOSI vector:  [  0.55460373+0.j  63.12877168+0.j  39.72651988+0.j   7.98784066+0.j
 -44.09335915+0.j  36.63591286+0.j -21.54133327+0.j  -9.31110621+0.j]
Minimum State energy: -231.80270288987651384
Amplitudes:
 [0.01, -0.01, -0.01, 0.01, -0.01, 0.01, 0.01, 0.01, 0.01, 0.01, 0.01, 0.01, 0.01, -0.01, 0.01, 0.01, -0.01, 0.01, 0.01, -0.01, -0.01, 0.01, 0.01, 0.01, 0.01, 0.01, 0.01, -0.01, 0.01, 0.01, 0.01, 0.01, -0.01, -0.01, 0.01, 0.01, 0.01, 0.01, 0.01, -0.01, -0.01, 0.01, -0.01, 0.01, -0.01, 0.01, 0.01, -0.01, -0.01, -0.01, -0.01, -0.01, -0.01, -0.01, 0.01, 0.01, 0.01, -0.01, 0.01, 0.01, -0.01, 0.01, 0.01, 0.01, 0.01, 0.01, -0.01, -0.01, -0.01, -0.01, 0.01, -0.01, -0.01, -0.01, -0.01, -0.01, 0.01, -0.01, -0.01, 0.01, -0.01, 0.01]


Total excitations: 846
Selected excitations: 82
LAS-USCCSD-VQE energy: -231.81114350046766504
LAS-USCCSD-NOSI energy: -231.80265852004725957
NOSI vector:  [  0.55460373+0.j  63.12877168+0.j  39.72651988+0.j   7.98784066+0.j
 -44.09335915+0.j  36.63591286+0.j -21.54133327+0.j  -9.31110621+0.j]
Minimum State energy: -231.80270288987651384
Amplitudes:
 [0.01, -0.01, -0.01, 0.01, -0.01, 0.01, 0.01, 0.01, 0.01, 0.01, 0.01, 0.01, 0.01, -0.01, 0.01, 0.01, -0.01, 0.01, 0.01, -0.01, -0.01, 0.01, 0.01, 0.01, 0.01, 0.01, 0.01, -0.01, 0.01, 0.01, 0.01, 0.01, -0.01, -0.01, 0.01, 0.01, 0.01, 0.01, 0.01, -0.01, -0.01, 0.01, -0.01, 0.01, -0.01, 0.01, 0.01, -0.01, -0.01, -0.01, -0.01, -0.01, -0.01, -0.01, 0.01, 0.01, 0.01, -0.01, 0.01, 0.01, -0.01, 0.01, 0.01, 0.01, 0.01, 0.01, -0.01, -0.01, -0.01, -0.01, 0.01, -0.01, -0.01, -0.01, -0.01, -0.01, 0.01, -0.01, -0.01, 0.01, -0.01, 0.01]


Total excitations: 846
Selected excitations: 82
LAS-USCCSD-VQE energy: -231.81114350046766504
LAS-USCCSD-NOSI energy: -231.80265852004725957
NOSI vector:  [  0.55460373+0.j  63.12877168+0.j  39.72651988+0.j   7.98784066+0.j
 -44.09335915+0.j  36.63591286+0.j -21.54133327+0.j  -9.31110621+0.j]
Minimum State energy: -231.80270288987651384
Amplitudes:
 [0.01, -0.01, -0.01, 0.01, -0.01, 0.01, 0.01, 0.01, 0.01, 0.01, 0.01, 0.01, 0.01, -0.01, 0.01, 0.01, -0.01, 0.01, 0.01, -0.01, -0.01, 0.01, 0.01, 0.01, 0.01, 0.01, 0.01, -0.01, 0.01, 0.01, 0.01, 0.01, -0.01, -0.01, 0.01, 0.01, 0.01, 0.01, 0.01, -0.01, -0.01, 0.01, -0.01, 0.01, -0.01, 0.01, 0.01, -0.01, -0.01, -0.01, -0.01, -0.01, -0.01, -0.01, 0.01, 0.01, 0.01, -0.01, 0.01, 0.01, -0.01, 0.01, 0.01, 0.01, 0.01, 0.01, -0.01, -0.01, -0.01, -0.01, 0.01, -0.01, -0.01, -0.01, -0.01, -0.01, 0.01, -0.01, -0.01, 0.01, -0.01, 0.01]


Total excitations: 846
Selected excitations: 82
LAS-USCCSD-VQE energy: -231.81114350046766504
LAS-USCCSD-NOSI energy: -231.80265852004725957
NOSI vector:  [  0.55460373+0.j  63.12877168+0.j  39.72651988+0.j   7.98784066+0.j
 -44.09335915+0.j  36.63591286+0.j -21.54133327+0.j  -9.31110621+0.j]
Minimum State energy: -231.80270288987651384
Amplitudes:
 [0.01, -0.01, -0.01, 0.01, -0.01, 0.01, 0.01, 0.01, 0.01, 0.01, 0.01, 0.01, 0.01, -0.01, 0.01, 0.01, -0.01, 0.01, 0.01, -0.01, -0.01, 0.01, 0.01, 0.01, 0.01, 0.01, 0.01, -0.01, 0.01, 0.01, 0.01, 0.01, -0.01, -0.01, 0.01, 0.01, 0.01, 0.01, 0.01, -0.01, -0.01, 0.01, -0.01, 0.01, -0.01, 0.01, 0.01, -0.01, -0.01, -0.01, -0.01, -0.01, -0.01, -0.01, 0.01, 0.01, 0.01, -0.01, 0.01, 0.01, -0.01, 0.01, 0.01, 0.01, 0.01, 0.01, -0.01, -0.01, -0.01, -0.01, 0.01, -0.01, -0.01, -0.01, -0.01, -0.01, 0.01, -0.01, -0.01, 0.01, -0.01, 0.01]





