Using AMPLITUDE argument: 0.05
Molecule C6_631G: 
overwrite output file: c6_631g.out
Selected 7 CIs out of 7 total CIs
Condition number of S matrix:  20064.364899671116
Selected 16 CIs out of 17 total CIs
Condition number of S matrix:  7473.4222439863825
Selected 24 CIs out of 25 total CIs
Condition number of S matrix:  11209.492602111215
Selected 32 CIs out of 33 total CIs
Condition number of S matrix:  15168.035580124808
Selected 40 CIs out of 41 total CIs
Condition number of S matrix:  18959.972049914773
Selected 11 CIs out of 51 total CIs
Condition number of S matrix:  87017.11159793603
Selected 11 CIs out of 57 total CIs
Condition number of S matrix:  87017.11159793603
Selected 11 CIs out of 63 total CIs
Condition number of S matrix:  87017.11159793603
Selected 8 CIs out of 75 total CIs
Condition number of S matrix:  97238.08590395378
Selected 8 CIs out of 83 total CIs
Condition number of S matrix:  91094.0443487549
CASCI energy: -231.81276306691347600
LASSCF energy: -231.80270288987642857
Total excitations: 846
Selected excitations: 82
LAS-USCCSD-VQE energy: -231.81114350487720799
LAS-USCCSD-NOSI energy: -231.80290605732184872
NOSI vector:  [  0.34921482+0.j -13.34960485+0.j  11.46578696+0.j  -0.90239203+0.j
   1.81242143+0.j   3.96540268+0.j  -9.60782837+0.j  -2.06479353+0.j]
Minimum State energy: -231.80270288987554750
Amplitudes:
 [-0.05, 0.05, -0.05, 0.05, -0.05, -0.05, -0.05, -0.05, -0.05, -0.05, -0.05, -0.05, -0.05, 0.05, -0.05, 0.05, 0.05, -0.05, 0.05, -0.05, 0.05, -0.05, 0.05, 0.05, 0.05, 0.05, -0.05, 0.05, -0.05, -0.05, -0.05, -0.05, -0.05, -0.05, -0.05, -0.05, -0.05, -0.05, -0.05, 0.05, 0.05, -0.05, -0.05, -0.05, 0.05, -0.05, -0.05, -0.05, -0.05, 0.05, 0.05, 0.05, 0.05, 0.05, -0.05, 0.05, -0.05, 0.05, -0.05, -0.05, -0.05, 0.05, -0.05, -0.05, -0.05, -0.05, -0.05, -0.05, -0.05, -0.05, -0.05, 0.05, 0.05, 0.05, 0.05, 0.05, 0.05, -0.05, 0.05, -0.05, 0.05, -0.05]


Total excitations: 846
Selected excitations: 82
LAS-USCCSD-VQE energy: -231.81114350487720799
LAS-USCCSD-NOSI energy: -231.80290605732184872
NOSI vector:  [  0.34921482+0.j -13.34960485+0.j  11.46578696+0.j  -0.90239203+0.j
   1.81242143+0.j   3.96540268+0.j  -9.60782837+0.j  -2.06479353+0.j]
Minimum State energy: -231.80270288987554750
Amplitudes:
 [-0.05, 0.05, -0.05, 0.05, -0.05, -0.05, -0.05, -0.05, -0.05, -0.05, -0.05, -0.05, -0.05, 0.05, -0.05, 0.05, 0.05, -0.05, 0.05, -0.05, 0.05, -0.05, 0.05, 0.05, 0.05, 0.05, -0.05, 0.05, -0.05, -0.05, -0.05, -0.05, -0.05, -0.05, -0.05, -0.05, -0.05, -0.05, -0.05, 0.05, 0.05, -0.05, -0.05, -0.05, 0.05, -0.05, -0.05, -0.05, -0.05, 0.05, 0.05, 0.05, 0.05, 0.05, -0.05, 0.05, -0.05, 0.05, -0.05, -0.05, -0.05, 0.05, -0.05, -0.05, -0.05, -0.05, -0.05, -0.05, -0.05, -0.05, -0.05, 0.05, 0.05, 0.05, 0.05, 0.05, 0.05, -0.05, 0.05, -0.05, 0.05, -0.05]


Total excitations: 846
Selected excitations: 82
LAS-USCCSD-VQE energy: -231.81114350487720799
LAS-USCCSD-NOSI energy: -231.80290605732184872
NOSI vector:  [  0.34921482+0.j -13.34960485+0.j  11.46578696+0.j  -0.90239203+0.j
   1.81242143+0.j   3.96540268+0.j  -9.60782837+0.j  -2.06479353+0.j]
Minimum State energy: -231.80270288987554750
Amplitudes:
 [-0.05, 0.05, -0.05, 0.05, -0.05, -0.05, -0.05, -0.05, -0.05, -0.05, -0.05, -0.05, -0.05, 0.05, -0.05, 0.05, 0.05, -0.05, 0.05, -0.05, 0.05, -0.05, 0.05, 0.05, 0.05, 0.05, -0.05, 0.05, -0.05, -0.05, -0.05, -0.05, -0.05, -0.05, -0.05, -0.05, -0.05, -0.05, -0.05, 0.05, 0.05, -0.05, -0.05, -0.05, 0.05, -0.05, -0.05, -0.05, -0.05, 0.05, 0.05, 0.05, 0.05, 0.05, -0.05, 0.05, -0.05, 0.05, -0.05, -0.05, -0.05, 0.05, -0.05, -0.05, -0.05, -0.05, -0.05, -0.05, -0.05, -0.05, -0.05, 0.05, 0.05, 0.05, 0.05, 0.05, 0.05, -0.05, 0.05, -0.05, 0.05, -0.05]


Total excitations: 846
Selected excitations: 82
LAS-USCCSD-VQE energy: -231.81114350487720799
LAS-USCCSD-NOSI energy: -231.80290605732184872
NOSI vector:  [  0.34921482+0.j -13.34960485+0.j  11.46578696+0.j  -0.90239203+0.j
   1.81242143+0.j   3.96540268+0.j  -9.60782837+0.j  -2.06479353+0.j]
Minimum State energy: -231.80270288987554750
Amplitudes:
 [-0.05, 0.05, -0.05, 0.05, -0.05, -0.05, -0.05, -0.05, -0.05, -0.05, -0.05, -0.05, -0.05, 0.05, -0.05, 0.05, 0.05, -0.05, 0.05, -0.05, 0.05, -0.05, 0.05, 0.05, 0.05, 0.05, -0.05, 0.05, -0.05, -0.05, -0.05, -0.05, -0.05, -0.05, -0.05, -0.05, -0.05, -0.05, -0.05, 0.05, 0.05, -0.05, -0.05, -0.05, 0.05, -0.05, -0.05, -0.05, -0.05, 0.05, 0.05, 0.05, 0.05, 0.05, -0.05, 0.05, -0.05, 0.05, -0.05, -0.05, -0.05, 0.05, -0.05, -0.05, -0.05, -0.05, -0.05, -0.05, -0.05, -0.05, -0.05, 0.05, 0.05, 0.05, 0.05, 0.05, 0.05, -0.05, 0.05, -0.05, 0.05, -0.05]


Total excitations: 846
Selected excitations: 82
LAS-USCCSD-VQE energy: -231.81114350487720799
LAS-USCCSD-NOSI energy: -231.80290605732184872
NOSI vector:  [  0.34921482+0.j -13.34960485+0.j  11.46578696+0.j  -0.90239203+0.j
   1.81242143+0.j   3.96540268+0.j  -9.60782837+0.j  -2.06479353+0.j]
Minimum State energy: -231.80270288987554750
Amplitudes:
 [-0.05, 0.05, -0.05, 0.05, -0.05, -0.05, -0.05, -0.05, -0.05, -0.05, -0.05, -0.05, -0.05, 0.05, -0.05, 0.05, 0.05, -0.05, 0.05, -0.05, 0.05, -0.05, 0.05, 0.05, 0.05, 0.05, -0.05, 0.05, -0.05, -0.05, -0.05, -0.05, -0.05, -0.05, -0.05, -0.05, -0.05, -0.05, -0.05, 0.05, 0.05, -0.05, -0.05, -0.05, 0.05, -0.05, -0.05, -0.05, -0.05, 0.05, 0.05, 0.05, 0.05, 0.05, -0.05, 0.05, -0.05, 0.05, -0.05, -0.05, -0.05, 0.05, -0.05, -0.05, -0.05, -0.05, -0.05, -0.05, -0.05, -0.05, -0.05, 0.05, 0.05, 0.05, 0.05, 0.05, 0.05, -0.05, 0.05, -0.05, 0.05, -0.05]


Total excitations: 846
Selected excitations: 82
LAS-USCCSD-VQE energy: -231.81114350487720799
LAS-USCCSD-NOSI energy: -231.80290605732184872
NOSI vector:  [  0.34921482+0.j -13.34960485+0.j  11.46578696+0.j  -0.90239203+0.j
   1.81242143+0.j   3.96540268+0.j  -9.60782837+0.j  -2.06479353+0.j]
Minimum State energy: -231.80270288987554750
Amplitudes:
 [-0.05, 0.05, -0.05, 0.05, -0.05, -0.05, -0.05, -0.05, -0.05, -0.05, -0.05, -0.05, -0.05, 0.05, -0.05, 0.05, 0.05, -0.05, 0.05, -0.05, 0.05, -0.05, 0.05, 0.05, 0.05, 0.05, -0.05, 0.05, -0.05, -0.05, -0.05, -0.05, -0.05, -0.05, -0.05, -0.05, -0.05, -0.05, -0.05, 0.05, 0.05, -0.05, -0.05, -0.05, 0.05, -0.05, -0.05, -0.05, -0.05, 0.05, 0.05, 0.05, 0.05, 0.05, -0.05, 0.05, -0.05, 0.05, -0.05, -0.05, -0.05, 0.05, -0.05, -0.05, -0.05, -0.05, -0.05, -0.05, -0.05, -0.05, -0.05, 0.05, 0.05, 0.05, 0.05, 0.05, 0.05, -0.05, 0.05, -0.05, 0.05, -0.05]


Total excitations: 846
Selected excitations: 82
LAS-USCCSD-VQE energy: -231.81114350487720799
LAS-USCCSD-NOSI energy: -231.80290605732184872
NOSI vector:  [  0.34921482+0.j -13.34960485+0.j  11.46578696+0.j  -0.90239203+0.j
   1.81242143+0.j   3.96540268+0.j  -9.60782837+0.j  -2.06479353+0.j]
Minimum State energy: -231.80270288987554750
Amplitudes:
 [-0.05, 0.05, -0.05, 0.05, -0.05, -0.05, -0.05, -0.05, -0.05, -0.05, -0.05, -0.05, -0.05, 0.05, -0.05, 0.05, 0.05, -0.05, 0.05, -0.05, 0.05, -0.05, 0.05, 0.05, 0.05, 0.05, -0.05, 0.05, -0.05, -0.05, -0.05, -0.05, -0.05, -0.05, -0.05, -0.05, -0.05, -0.05, -0.05, 0.05, 0.05, -0.05, -0.05, -0.05, 0.05, -0.05, -0.05, -0.05, -0.05, 0.05, 0.05, 0.05, 0.05, 0.05, -0.05, 0.05, -0.05, 0.05, -0.05, -0.05, -0.05, 0.05, -0.05, -0.05, -0.05, -0.05, -0.05, -0.05, -0.05, -0.05, -0.05, 0.05, 0.05, 0.05, 0.05, 0.05, 0.05, -0.05, 0.05, -0.05, 0.05, -0.05]


Total excitations: 846
Selected excitations: 82
LAS-USCCSD-VQE energy: -231.81114350487720799
LAS-USCCSD-NOSI energy: -231.80290605732184872
NOSI vector:  [  0.34921482+0.j -13.34960485+0.j  11.46578696+0.j  -0.90239203+0.j
   1.81242143+0.j   3.96540268+0.j  -9.60782837+0.j  -2.06479353+0.j]
Minimum State energy: -231.80270288987554750
Amplitudes:
 [-0.05, 0.05, -0.05, 0.05, -0.05, -0.05, -0.05, -0.05, -0.05, -0.05, -0.05, -0.05, -0.05, 0.05, -0.05, 0.05, 0.05, -0.05, 0.05, -0.05, 0.05, -0.05, 0.05, 0.05, 0.05, 0.05, -0.05, 0.05, -0.05, -0.05, -0.05, -0.05, -0.05, -0.05, -0.05, -0.05, -0.05, -0.05, -0.05, 0.05, 0.05, -0.05, -0.05, -0.05, 0.05, -0.05, -0.05, -0.05, -0.05, 0.05, 0.05, 0.05, 0.05, 0.05, -0.05, 0.05, -0.05, 0.05, -0.05, -0.05, -0.05, 0.05, -0.05, -0.05, -0.05, -0.05, -0.05, -0.05, -0.05, -0.05, -0.05, 0.05, 0.05, 0.05, 0.05, 0.05, 0.05, -0.05, 0.05, -0.05, 0.05, -0.05]


Total excitations: 846
Selected excitations: 82
LAS-USCCSD-VQE energy: -231.81114350487720799
LAS-USCCSD-NOSI energy: -231.80290605732184872
NOSI vector:  [  0.34921482+0.j -13.34960485+0.j  11.46578696+0.j  -0.90239203+0.j
   1.81242143+0.j   3.96540268+0.j  -9.60782837+0.j  -2.06479353+0.j]
Minimum State energy: -231.80270288987554750
Amplitudes:
 [-0.05, 0.05, -0.05, 0.05, -0.05, -0.05, -0.05, -0.05, -0.05, -0.05, -0.05, -0.05, -0.05, 0.05, -0.05, 0.05, 0.05, -0.05, 0.05, -0.05, 0.05, -0.05, 0.05, 0.05, 0.05, 0.05, -0.05, 0.05, -0.05, -0.05, -0.05, -0.05, -0.05, -0.05, -0.05, -0.05, -0.05, -0.05, -0.05, 0.05, 0.05, -0.05, -0.05, -0.05, 0.05, -0.05, -0.05, -0.05, -0.05, 0.05, 0.05, 0.05, 0.05, 0.05, -0.05, 0.05, -0.05, 0.05, -0.05, -0.05, -0.05, 0.05, -0.05, -0.05, -0.05, -0.05, -0.05, -0.05, -0.05, -0.05, -0.05, 0.05, 0.05, 0.05, 0.05, 0.05, 0.05, -0.05, 0.05, -0.05, 0.05, -0.05]


Total excitations: 846
Selected excitations: 82
LAS-USCCSD-VQE energy: -231.81114350487720799
LAS-USCCSD-NOSI energy: -231.80290605732184872
NOSI vector:  [  0.34921482+0.j -13.34960485+0.j  11.46578696+0.j  -0.90239203+0.j
   1.81242143+0.j   3.96540268+0.j  -9.60782837+0.j  -2.06479353+0.j]
Minimum State energy: -231.80270288987554750
Amplitudes:
 [-0.05, 0.05, -0.05, 0.05, -0.05, -0.05, -0.05, -0.05, -0.05, -0.05, -0.05, -0.05, -0.05, 0.05, -0.05, 0.05, 0.05, -0.05, 0.05, -0.05, 0.05, -0.05, 0.05, 0.05, 0.05, 0.05, -0.05, 0.05, -0.05, -0.05, -0.05, -0.05, -0.05, -0.05, -0.05, -0.05, -0.05, -0.05, -0.05, 0.05, 0.05, -0.05, -0.05, -0.05, 0.05, -0.05, -0.05, -0.05, -0.05, 0.05, 0.05, 0.05, 0.05, 0.05, -0.05, 0.05, -0.05, 0.05, -0.05, -0.05, -0.05, 0.05, -0.05, -0.05, -0.05, -0.05, -0.05, -0.05, -0.05, -0.05, -0.05, 0.05, 0.05, 0.05, 0.05, 0.05, 0.05, -0.05, 0.05, -0.05, 0.05, -0.05]





