Using AMPLITUDE argument: -0.05
Molecule C6_631G: 
overwrite output file: c6_631g.out
Selected 9 CIs out of 9 total CIs
Condition number of S matrix:  32311.767761276307
Selected 15 CIs out of 15 total CIs
Condition number of S matrix:  90705.74995092442
Selected 24 CIs out of 25 total CIs
Condition number of S matrix:  11209.492602065993
Selected 32 CIs out of 33 total CIs
Condition number of S matrix:  15168.035580065174
Selected 40 CIs out of 41 total CIs
Condition number of S matrix:  18959.972049840228
Selected 44 CIs out of 51 total CIs
Condition number of S matrix:  20856.013163081672
Selected 11 CIs out of 57 total CIs
Condition number of S matrix:  87017.1116244414
Selected 8 CIs out of 69 total CIs
Condition number of S matrix:  97238.08590934743
Selected 8 CIs out of 75 total CIs
Condition number of S matrix:  97238.08590934743
Selected 8 CIs out of 83 total CIs
Condition number of S matrix:  97238.08590934743
CASCI energy: -231.81276306691341915
LASSCF energy: -231.80270288987682648
Total excitations: 846
Selected excitations: 82
LAS-USCCSD-VQE energy: -231.81122468747923904
LAS-USCCSD-NOSI energy: -231.80362556219657222
NOSI vector:  [-0.36124926+0.j 13.23460019+0.j 11.75174819+0.j -0.53215958+0.j
  1.41424431+0.j -7.85686992+0.j -6.79250814+0.j  2.07551765+0.j]
Minimum State energy: -231.80295797653201362
Amplitudes:
 [0.05, -0.05, 0.05, -0.05, 0.05, 0.05, 0.05, 0.05, 0.05, 0.05, -0.05, -0.05, -0.05, 0.05, -0.05, 0.05, 0.05, 0.05, 0.05, 0.05, -0.05, 0.05, -0.05, -0.05, -0.05, -0.05, -0.05, -0.05, 0.05, 0.05, 0.05, 0.05, 0.05, -0.05, -0.05, 0.05, -0.05, 0.05, 0.05, 0.05, -0.05, 0.05, 0.05, -0.05, -0.05, -0.05, -0.05, -0.05, -0.05, 0.05, -0.05, -0.05, 0.05, -0.05, 0.05, 0.05, 0.05, -0.05, -0.05, -0.05, -0.05, -0.05, -0.05, -0.05, -0.05, -0.05, -0.05, 0.05, -0.05, -0.05, -0.05, -0.05, -0.05, 0.05, -0.05, 0.05, -0.05, -0.05, -0.05, -0.05, -0.05, 0.05]


Total excitations: 846
Selected excitations: 82
LAS-USCCSD-VQE energy: -231.81122468747923904
LAS-USCCSD-NOSI energy: -231.80362556219657222
NOSI vector:  [-0.36124926+0.j 13.23460019+0.j 11.75174819+0.j -0.53215958+0.j
  1.41424431+0.j -7.85686992+0.j -6.79250814+0.j  2.07551765+0.j]
Minimum State energy: -231.80295797653201362
Amplitudes:
 [0.05, -0.05, 0.05, -0.05, 0.05, 0.05, 0.05, 0.05, 0.05, 0.05, -0.05, -0.05, -0.05, 0.05, -0.05, 0.05, 0.05, 0.05, 0.05, 0.05, -0.05, 0.05, -0.05, -0.05, -0.05, -0.05, -0.05, -0.05, 0.05, 0.05, 0.05, 0.05, 0.05, -0.05, -0.05, 0.05, -0.05, 0.05, 0.05, 0.05, -0.05, 0.05, 0.05, -0.05, -0.05, -0.05, -0.05, -0.05, -0.05, 0.05, -0.05, -0.05, 0.05, -0.05, 0.05, 0.05, 0.05, -0.05, -0.05, -0.05, -0.05, -0.05, -0.05, -0.05, -0.05, -0.05, -0.05, 0.05, -0.05, -0.05, -0.05, -0.05, -0.05, 0.05, -0.05, 0.05, -0.05, -0.05, -0.05, -0.05, -0.05, 0.05]


Total excitations: 846
Selected excitations: 82
LAS-USCCSD-VQE energy: -231.81122468747923904
LAS-USCCSD-NOSI energy: -231.80362556219657222
NOSI vector:  [-0.36124926+0.j 13.23460019+0.j 11.75174819+0.j -0.53215958+0.j
  1.41424431+0.j -7.85686992+0.j -6.79250814+0.j  2.07551765+0.j]
Minimum State energy: -231.80295797653201362
Amplitudes:
 [0.05, -0.05, 0.05, -0.05, 0.05, 0.05, 0.05, 0.05, 0.05, 0.05, -0.05, -0.05, -0.05, 0.05, -0.05, 0.05, 0.05, 0.05, 0.05, 0.05, -0.05, 0.05, -0.05, -0.05, -0.05, -0.05, -0.05, -0.05, 0.05, 0.05, 0.05, 0.05, 0.05, -0.05, -0.05, 0.05, -0.05, 0.05, 0.05, 0.05, -0.05, 0.05, 0.05, -0.05, -0.05, -0.05, -0.05, -0.05, -0.05, 0.05, -0.05, -0.05, 0.05, -0.05, 0.05, 0.05, 0.05, -0.05, -0.05, -0.05, -0.05, -0.05, -0.05, -0.05, -0.05, -0.05, -0.05, 0.05, -0.05, -0.05, -0.05, -0.05, -0.05, 0.05, -0.05, 0.05, -0.05, -0.05, -0.05, -0.05, -0.05, 0.05]


Total excitations: 846
Selected excitations: 82
LAS-USCCSD-VQE energy: -231.81122468747923904
LAS-USCCSD-NOSI energy: -231.80362556219657222
NOSI vector:  [-0.36124926+0.j 13.23460019+0.j 11.75174819+0.j -0.53215958+0.j
  1.41424431+0.j -7.85686992+0.j -6.79250814+0.j  2.07551765+0.j]
Minimum State energy: -231.80295797653201362
Amplitudes:
 [0.05, -0.05, 0.05, -0.05, 0.05, 0.05, 0.05, 0.05, 0.05, 0.05, -0.05, -0.05, -0.05, 0.05, -0.05, 0.05, 0.05, 0.05, 0.05, 0.05, -0.05, 0.05, -0.05, -0.05, -0.05, -0.05, -0.05, -0.05, 0.05, 0.05, 0.05, 0.05, 0.05, -0.05, -0.05, 0.05, -0.05, 0.05, 0.05, 0.05, -0.05, 0.05, 0.05, -0.05, -0.05, -0.05, -0.05, -0.05, -0.05, 0.05, -0.05, -0.05, 0.05, -0.05, 0.05, 0.05, 0.05, -0.05, -0.05, -0.05, -0.05, -0.05, -0.05, -0.05, -0.05, -0.05, -0.05, 0.05, -0.05, -0.05, -0.05, -0.05, -0.05, 0.05, -0.05, 0.05, -0.05, -0.05, -0.05, -0.05, -0.05, 0.05]


Total excitations: 846
Selected excitations: 82
LAS-USCCSD-VQE energy: -231.81122468747923904
LAS-USCCSD-NOSI energy: -231.80362556219657222
NOSI vector:  [-0.36124926+0.j 13.23460019+0.j 11.75174819+0.j -0.53215958+0.j
  1.41424431+0.j -7.85686992+0.j -6.79250814+0.j  2.07551765+0.j]
Minimum State energy: -231.80295797653201362
Amplitudes:
 [0.05, -0.05, 0.05, -0.05, 0.05, 0.05, 0.05, 0.05, 0.05, 0.05, -0.05, -0.05, -0.05, 0.05, -0.05, 0.05, 0.05, 0.05, 0.05, 0.05, -0.05, 0.05, -0.05, -0.05, -0.05, -0.05, -0.05, -0.05, 0.05, 0.05, 0.05, 0.05, 0.05, -0.05, -0.05, 0.05, -0.05, 0.05, 0.05, 0.05, -0.05, 0.05, 0.05, -0.05, -0.05, -0.05, -0.05, -0.05, -0.05, 0.05, -0.05, -0.05, 0.05, -0.05, 0.05, 0.05, 0.05, -0.05, -0.05, -0.05, -0.05, -0.05, -0.05, -0.05, -0.05, -0.05, -0.05, 0.05, -0.05, -0.05, -0.05, -0.05, -0.05, 0.05, -0.05, 0.05, -0.05, -0.05, -0.05, -0.05, -0.05, 0.05]


Total excitations: 846
Selected excitations: 82
LAS-USCCSD-VQE energy: -231.81122468747923904
LAS-USCCSD-NOSI energy: -231.80362556219657222
NOSI vector:  [-0.36124926+0.j 13.23460019+0.j 11.75174819+0.j -0.53215958+0.j
  1.41424431+0.j -7.85686992+0.j -6.79250814+0.j  2.07551765+0.j]
Minimum State energy: -231.80295797653201362
Amplitudes:
 [0.05, -0.05, 0.05, -0.05, 0.05, 0.05, 0.05, 0.05, 0.05, 0.05, -0.05, -0.05, -0.05, 0.05, -0.05, 0.05, 0.05, 0.05, 0.05, 0.05, -0.05, 0.05, -0.05, -0.05, -0.05, -0.05, -0.05, -0.05, 0.05, 0.05, 0.05, 0.05, 0.05, -0.05, -0.05, 0.05, -0.05, 0.05, 0.05, 0.05, -0.05, 0.05, 0.05, -0.05, -0.05, -0.05, -0.05, -0.05, -0.05, 0.05, -0.05, -0.05, 0.05, -0.05, 0.05, 0.05, 0.05, -0.05, -0.05, -0.05, -0.05, -0.05, -0.05, -0.05, -0.05, -0.05, -0.05, 0.05, -0.05, -0.05, -0.05, -0.05, -0.05, 0.05, -0.05, 0.05, -0.05, -0.05, -0.05, -0.05, -0.05, 0.05]


Total excitations: 846
Selected excitations: 82
LAS-USCCSD-VQE energy: -231.81122468747923904
LAS-USCCSD-NOSI energy: -231.80362556219657222
NOSI vector:  [-0.36124926+0.j 13.23460019+0.j 11.75174819+0.j -0.53215958+0.j
  1.41424431+0.j -7.85686992+0.j -6.79250814+0.j  2.07551765+0.j]
Minimum State energy: -231.80295797653201362
Amplitudes:
 [0.05, -0.05, 0.05, -0.05, 0.05, 0.05, 0.05, 0.05, 0.05, 0.05, -0.05, -0.05, -0.05, 0.05, -0.05, 0.05, 0.05, 0.05, 0.05, 0.05, -0.05, 0.05, -0.05, -0.05, -0.05, -0.05, -0.05, -0.05, 0.05, 0.05, 0.05, 0.05, 0.05, -0.05, -0.05, 0.05, -0.05, 0.05, 0.05, 0.05, -0.05, 0.05, 0.05, -0.05, -0.05, -0.05, -0.05, -0.05, -0.05, 0.05, -0.05, -0.05, 0.05, -0.05, 0.05, 0.05, 0.05, -0.05, -0.05, -0.05, -0.05, -0.05, -0.05, -0.05, -0.05, -0.05, -0.05, 0.05, -0.05, -0.05, -0.05, -0.05, -0.05, 0.05, -0.05, 0.05, -0.05, -0.05, -0.05, -0.05, -0.05, 0.05]


Total excitations: 846
Selected excitations: 82
LAS-USCCSD-VQE energy: -231.81122468747923904
LAS-USCCSD-NOSI energy: -231.80362556219657222
NOSI vector:  [-0.36124926+0.j 13.23460019+0.j 11.75174819+0.j -0.53215958+0.j
  1.41424431+0.j -7.85686992+0.j -6.79250814+0.j  2.07551765+0.j]
Minimum State energy: -231.80295797653201362
Amplitudes:
 [0.05, -0.05, 0.05, -0.05, 0.05, 0.05, 0.05, 0.05, 0.05, 0.05, -0.05, -0.05, -0.05, 0.05, -0.05, 0.05, 0.05, 0.05, 0.05, 0.05, -0.05, 0.05, -0.05, -0.05, -0.05, -0.05, -0.05, -0.05, 0.05, 0.05, 0.05, 0.05, 0.05, -0.05, -0.05, 0.05, -0.05, 0.05, 0.05, 0.05, -0.05, 0.05, 0.05, -0.05, -0.05, -0.05, -0.05, -0.05, -0.05, 0.05, -0.05, -0.05, 0.05, -0.05, 0.05, 0.05, 0.05, -0.05, -0.05, -0.05, -0.05, -0.05, -0.05, -0.05, -0.05, -0.05, -0.05, 0.05, -0.05, -0.05, -0.05, -0.05, -0.05, 0.05, -0.05, 0.05, -0.05, -0.05, -0.05, -0.05, -0.05, 0.05]


Total excitations: 846
Selected excitations: 82
LAS-USCCSD-VQE energy: -231.81122468747923904
LAS-USCCSD-NOSI energy: -231.80362556219657222
NOSI vector:  [-0.36124926+0.j 13.23460019+0.j 11.75174819+0.j -0.53215958+0.j
  1.41424431+0.j -7.85686992+0.j -6.79250814+0.j  2.07551765+0.j]
Minimum State energy: -231.80295797653201362
Amplitudes:
 [0.05, -0.05, 0.05, -0.05, 0.05, 0.05, 0.05, 0.05, 0.05, 0.05, -0.05, -0.05, -0.05, 0.05, -0.05, 0.05, 0.05, 0.05, 0.05, 0.05, -0.05, 0.05, -0.05, -0.05, -0.05, -0.05, -0.05, -0.05, 0.05, 0.05, 0.05, 0.05, 0.05, -0.05, -0.05, 0.05, -0.05, 0.05, 0.05, 0.05, -0.05, 0.05, 0.05, -0.05, -0.05, -0.05, -0.05, -0.05, -0.05, 0.05, -0.05, -0.05, 0.05, -0.05, 0.05, 0.05, 0.05, -0.05, -0.05, -0.05, -0.05, -0.05, -0.05, -0.05, -0.05, -0.05, -0.05, 0.05, -0.05, -0.05, -0.05, -0.05, -0.05, 0.05, -0.05, 0.05, -0.05, -0.05, -0.05, -0.05, -0.05, 0.05]


Total excitations: 846
Selected excitations: 82
LAS-USCCSD-VQE energy: -231.81122468747923904
LAS-USCCSD-NOSI energy: -231.80362556219657222
NOSI vector:  [-0.36124926+0.j 13.23460019+0.j 11.75174819+0.j -0.53215958+0.j
  1.41424431+0.j -7.85686992+0.j -6.79250814+0.j  2.07551765+0.j]
Minimum State energy: -231.80295797653201362
Amplitudes:
 [0.05, -0.05, 0.05, -0.05, 0.05, 0.05, 0.05, 0.05, 0.05, 0.05, -0.05, -0.05, -0.05, 0.05, -0.05, 0.05, 0.05, 0.05, 0.05, 0.05, -0.05, 0.05, -0.05, -0.05, -0.05, -0.05, -0.05, -0.05, 0.05, 0.05, 0.05, 0.05, 0.05, -0.05, -0.05, 0.05, -0.05, 0.05, 0.05, 0.05, -0.05, 0.05, 0.05, -0.05, -0.05, -0.05, -0.05, -0.05, -0.05, 0.05, -0.05, -0.05, 0.05, -0.05, 0.05, 0.05, 0.05, -0.05, -0.05, -0.05, -0.05, -0.05, -0.05, -0.05, -0.05, -0.05, -0.05, 0.05, -0.05, -0.05, -0.05, -0.05, -0.05, 0.05, -0.05, 0.05, -0.05, -0.05, -0.05, -0.05, -0.05, 0.05]





