output file: c2h4n4_lassi_631g.log
LASSCF energy = -295.5360983545355
CASCI energy = -295.64726956406975
ham_eff
 [[-6.81557882e+00 -4.28424230e-03  8.61449130e-02 -7.75041584e-03
  -1.20908115e-03 -2.78537029e-03 -5.63383147e-03  5.63383142e-03
  -8.61449129e-02  7.75041532e-03  1.20908154e-03  2.78537032e-03
   0.00000000e+00  0.00000000e+00]
 [-4.28424230e-03 -6.81557882e+00  8.61449130e-02  7.75041584e-03
   1.20908115e-03 -2.78537029e-03  0.00000000e+00  0.00000000e+00
  -8.61449129e-02 -7.75041532e-03 -1.20908154e-03  2.78537032e-03
   5.63383142e-03 -5.63383147e-03]
 [ 8.61449130e-02  8.61449130e-02 -6.57449312e+00  1.83880688e-16
   1.11022302e-16  2.35814667e-03 -2.50939687e-03 -2.34906645e-03
   1.73911676e-03  2.16840434e-19  0.00000000e+00  2.52355777e-03
  -2.34906645e-03 -2.50939687e-03]
 [-7.75041584e-03  7.75041584e-03  9.02056208e-17 -6.41430258e+00
   3.86542474e-03  2.22044605e-16  1.50859881e-03  5.39003295e-03
   0.00000000e+00  2.61944890e-03  5.78487868e-03  1.08420217e-19
  -5.39003295e-03 -1.50859881e-03]
 [-1.20908115e-03  1.20908115e-03  1.11022302e-16  3.86542474e-03
  -6.41577004e+00  5.55111512e-17  1.51773034e-03  5.30785366e-03
   1.62630326e-19  5.78487902e-03  2.34348102e-03 -8.13151629e-20
  -5.30785366e-03 -1.51773034e-03]
 [-2.78537029e-03 -2.78537029e-03  2.35814667e-03 -2.22044605e-16
  -2.77555756e-17 -6.25449080e+00 -7.75772635e-04 -1.02428564e-02
   2.52355778e-03  0.00000000e+00  2.16840434e-19  4.73568564e-03
  -1.02428564e-02 -7.75772635e-04]
 [-5.63383147e-03  0.00000000e+00 -2.50939687e-03  1.50859881e-03
   1.51773034e-03 -7.75772635e-04 -6.24424729e+00  5.58651289e-03
  -2.34906639e-03  5.39003291e-03  5.30785355e-03 -1.02428563e-02
   0.00000000e+00  0.00000000e+00]
 [ 5.63383142e-03  0.00000000e+00 -2.34906645e-03  5.39003295e-03
   5.30785366e-03 -1.02428564e-02  5.58651289e-03 -6.24424729e+00
  -2.50939688e-03  1.50859875e-03  1.51773040e-03 -7.75772635e-04
   0.00000000e+00  0.00000000e+00]
 [-8.61449129e-02 -8.61449129e-02  1.73911676e-03  0.00000000e+00
   1.08420217e-19  2.52355778e-03 -2.34906639e-03 -2.50939688e-03
  -6.57449312e+00 -1.11022302e-16 -1.11022302e-16  2.35814660e-03
  -2.50939688e-03 -2.34906639e-03]
 [ 7.75041532e-03 -7.75041532e-03 -1.08420217e-19  2.61944890e-03
   5.78487902e-03  0.00000000e+00  5.39003291e-03  1.50859875e-03
  -1.11022302e-16 -6.41430257e+00  3.86542467e-03 -5.55111512e-17
  -1.50859875e-03 -5.39003291e-03]
 [ 1.20908154e-03 -1.20908154e-03  1.08420217e-19  5.78487868e-03
   2.34348102e-03  1.62630326e-19  5.30785355e-03  1.51773040e-03
   0.00000000e+00  3.86542467e-03 -6.41577004e+00  6.24500451e-17
  -1.51773040e-03 -5.30785355e-03]
 [ 2.78537032e-03  2.78537032e-03  2.52355777e-03  8.13151629e-20
  -5.42101086e-20  4.73568564e-03 -1.02428563e-02 -7.75772635e-04
   2.35814660e-03 -8.32667268e-17  1.11022302e-16 -6.25449080e+00
  -7.75772635e-04 -1.02428563e-02]
 [ 0.00000000e+00  5.63383142e-03 -2.34906645e-03 -5.39003295e-03
  -5.30785366e-03 -1.02428564e-02  0.00000000e+00  0.00000000e+00
  -2.50939688e-03 -1.50859875e-03 -1.51773040e-03 -7.75772635e-04
  -6.24424729e+00  5.58651289e-03]
 [ 0.00000000e+00 -5.63383147e-03 -2.50939687e-03 -1.50859881e-03
  -1.51773034e-03 -7.75772635e-04  0.00000000e+00  0.00000000e+00
  -2.34906639e-03 -5.39003291e-03 -5.30785355e-03 -1.02428563e-02
   5.58651289e-03 -6.24424729e+00]]

ovlap_eff
 [[ 1.00000000e+00  0.00000000e+00  0.00000000e+00  0.00000000e+00
   0.00000000e+00  0.00000000e+00  0.00000000e+00  0.00000000e+00
   0.00000000e+00  0.00000000e+00  0.00000000e+00  0.00000000e+00
   0.00000000e+00  0.00000000e+00]
 [ 0.00000000e+00  1.00000000e+00  0.00000000e+00  0.00000000e+00
   0.00000000e+00  0.00000000e+00  0.00000000e+00  0.00000000e+00
   0.00000000e+00  0.00000000e+00  0.00000000e+00  0.00000000e+00
   0.00000000e+00  0.00000000e+00]
 [ 0.00000000e+00  0.00000000e+00  1.00000000e+00  5.20417043e-18
   0.00000000e+00 -1.73472348e-18  0.00000000e+00  0.00000000e+00
   0.00000000e+00  0.00000000e+00  0.00000000e+00  0.00000000e+00
   0.00000000e+00  0.00000000e+00]
 [ 0.00000000e+00  0.00000000e+00  5.20417043e-18  1.00000000e+00
   1.73472348e-18  0.00000000e+00  0.00000000e+00  0.00000000e+00
   0.00000000e+00  0.00000000e+00  0.00000000e+00  0.00000000e+00
   0.00000000e+00  0.00000000e+00]
 [ 0.00000000e+00  0.00000000e+00  0.00000000e+00  1.73472348e-18
   1.00000000e+00  0.00000000e+00  0.00000000e+00  0.00000000e+00
   0.00000000e+00  0.00000000e+00  0.00000000e+00  0.00000000e+00
   0.00000000e+00  0.00000000e+00]
 [ 0.00000000e+00  0.00000000e+00 -1.73472348e-18  0.00000000e+00
   0.00000000e+00  1.00000000e+00  0.00000000e+00  0.00000000e+00
   0.00000000e+00  0.00000000e+00  0.00000000e+00  0.00000000e+00
   0.00000000e+00  0.00000000e+00]
 [ 0.00000000e+00  0.00000000e+00  0.00000000e+00  0.00000000e+00
   0.00000000e+00  0.00000000e+00  1.00000000e+00  0.00000000e+00
   0.00000000e+00  0.00000000e+00  0.00000000e+00  0.00000000e+00
   0.00000000e+00  0.00000000e+00]
 [ 0.00000000e+00  0.00000000e+00  0.00000000e+00  0.00000000e+00
   0.00000000e+00  0.00000000e+00  0.00000000e+00  1.00000000e+00
   0.00000000e+00  0.00000000e+00  0.00000000e+00  0.00000000e+00
   0.00000000e+00  0.00000000e+00]
 [ 0.00000000e+00  0.00000000e+00  0.00000000e+00  0.00000000e+00
   0.00000000e+00  0.00000000e+00  0.00000000e+00  0.00000000e+00
   1.00000000e+00  1.38777878e-17  0.00000000e+00 -3.46944695e-18
   0.00000000e+00  0.00000000e+00]
 [ 0.00000000e+00  0.00000000e+00  0.00000000e+00  0.00000000e+00
   0.00000000e+00  0.00000000e+00  0.00000000e+00  0.00000000e+00
   1.38777878e-17  1.00000000e+00  3.46944695e-18 -1.73472348e-18
   0.00000000e+00  0.00000000e+00]
 [ 0.00000000e+00  0.00000000e+00  0.00000000e+00  0.00000000e+00
   0.00000000e+00  0.00000000e+00  0.00000000e+00  0.00000000e+00
   0.00000000e+00  3.46944695e-18  1.00000000e+00  5.20417043e-18
   0.00000000e+00  0.00000000e+00]
 [ 0.00000000e+00  0.00000000e+00  0.00000000e+00  0.00000000e+00
   0.00000000e+00  0.00000000e+00  0.00000000e+00  0.00000000e+00
  -3.46944695e-18 -1.73472348e-18  5.20417043e-18  1.00000000e+00
   0.00000000e+00  0.00000000e+00]
 [ 0.00000000e+00  0.00000000e+00  0.00000000e+00  0.00000000e+00
   0.00000000e+00  0.00000000e+00  0.00000000e+00  0.00000000e+00
   0.00000000e+00  0.00000000e+00  0.00000000e+00  0.00000000e+00
   1.00000000e+00  0.00000000e+00]
 [ 0.00000000e+00  0.00000000e+00  0.00000000e+00  0.00000000e+00
   0.00000000e+00  0.00000000e+00  0.00000000e+00  0.00000000e+00
   0.00000000e+00  0.00000000e+00  0.00000000e+00  0.00000000e+00
   0.00000000e+00  1.00000000e+00]]
Eigenvalues
 [-6.90916002 -6.8120386  -6.57295975 -6.48713359 -6.42224614 -6.41954509
 -6.41519003 -6.40400255 -6.2687184  -6.26074854 -6.24939019 -6.24014358
 -6.23752176 -6.22746161]
h1eff = 
 [[-1.81220581  0.06838298  0.06281529  0.02547377 -0.01359739 -0.00625079]
 [ 0.06838298 -1.57250355  0.06418958 -0.01359739  0.08332091  0.04142967]
 [ 0.06281529  0.06418958 -1.41879168  0.00625079 -0.04142967 -0.02908911]
 [ 0.02547377 -0.01359739  0.00625079 -1.81220581  0.06838298 -0.06281529]
 [-0.01359739  0.08332091 -0.04142967  0.06838298 -1.57250355 -0.06418958]
 [-0.00625079  0.04142967 -0.02908911 -0.06281529 -0.06418958 -1.41879168]]
h2eff = 
 [[ 4.54796178e-01  2.52866187e-02  3.75522882e-01 -6.41530494e-02
   3.39218964e-02  4.60028343e-01  2.35083547e-03  2.03685897e-02
  -9.80600876e-03  1.51567391e-01 -3.25306299e-02 -2.10267089e-04
   3.72009920e-02 -3.53487334e-02  1.76621026e-01 -1.03460997e-02
   2.41068808e-02  3.31199087e-03 -3.23081667e-03  3.87034211e-02
   1.59805106e-01]
 [ 2.52866187e-02  1.03463825e-01  5.91218440e-03  1.95941833e-02
   1.06618424e-01  1.85082211e-02  1.02412555e-02 -3.04263163e-03
   6.19428837e-03 -3.53487331e-02 -5.37960862e-03  4.39091472e-03
   4.65666255e-03  1.36599447e-02 -4.08720525e-02  6.79706300e-03
   3.11894710e-04  1.23691780e-02  4.03206236e-04 -1.38903062e-02
  -3.79210202e-02]
 [ 3.75522882e-01  5.91218440e-03  4.21873045e-01  4.96529670e-02
   3.15463622e-03  3.91527490e-01 -6.12205564e-03  2.42437414e-02
  -7.86890851e-03  1.76621024e-01 -9.40941515e-03 -3.12875321e-03
   1.71552964e-02 -4.08720522e-02  1.94431695e-01 -6.00514423e-03
   2.65321013e-02 -6.35064427e-03  2.59673171e-03  4.26153834e-02
   1.85423676e-01]
 [-6.41530494e-02  1.95941833e-02  4.96529670e-02  1.20764669e-01
   1.02253122e-02 -6.29965087e-02 -4.57372153e-03  3.87006706e-03
   3.95105054e-03  3.23081674e-03  1.96692215e-02 -1.01784803e-03
  -1.78244048e-02 -4.03206202e-04 -2.59673172e-03  5.97202033e-03
   4.06312094e-03 -5.15291125e-03  2.86932351e-03 -6.83324095e-04
   2.90680463e-03]
 [ 3.39218964e-02  1.06618424e-01  3.15463622e-03  1.02253122e-02
   1.17694435e-01  2.71642095e-02  1.10286264e-02 -3.48675836e-03
   6.58380504e-03 -3.87034207e-02 -7.47183046e-03  5.21261893e-03
   6.79299983e-03  1.38903062e-02 -4.26153836e-02  6.57726846e-03
   1.33333687e-04  1.41499842e-02 -6.83324048e-04 -1.34196609e-02
  -4.09674463e-02]
 [ 4.60028343e-01  1.85082211e-02  3.91527490e-01 -6.29965087e-02
   2.71642095e-02  4.82365940e-01  1.18650752e-03  2.16009586e-02
  -1.08724629e-02  1.59805106e-01 -3.15371344e-02 -6.45514077e-04
   3.83164971e-02 -3.79210206e-02  1.85423677e-01 -1.05656135e-02
   2.52525485e-02  2.16705085e-03 -2.90680457e-03  4.09674467e-02
   1.68348764e-01]
 [ 2.35083547e-03  1.02412555e-02 -6.12205564e-03 -4.57372153e-03
   1.10286264e-02  1.18650752e-03  2.58406695e-03 -2.31737333e-03
   2.04646047e-04  2.35083469e-03 -2.31737360e-03  1.30588121e-03
   1.38658108e-03  1.02412555e-02 -6.12205638e-03 -2.04646214e-04
  -1.38658081e-03  2.81355821e-03  4.57372119e-03 -1.10286263e-02
   1.18650678e-03]
 [ 2.03685897e-02 -3.04263163e-03  2.42437414e-02  3.87006706e-03
  -3.48675836e-03  2.16009586e-02 -2.31737333e-03  8.54441077e-03
  -3.20332948e-03 -3.25306292e-02 -1.61230527e-03 -1.41338617e-03
   3.59888146e-03 -5.37960837e-03 -9.40941492e-03 -2.18723676e-03
   7.93694704e-03 -2.23056049e-03 -1.96692210e-02  7.47183013e-03
  -3.15371338e-02]
 [-9.80600876e-03  6.19428837e-03 -7.86890851e-03  3.95105054e-03
   6.58380504e-03 -1.08724629e-02  2.04646047e-04 -3.20332948e-03
   2.86675523e-03  1.03460994e-02  2.18723694e-03  5.24029916e-04
  -3.06046258e-03 -6.79706320e-03  6.00514455e-03  2.36479451e-03
  -2.80678152e-03 -6.74129211e-05  5.97202004e-03  6.57726870e-03
   1.05656132e-02]
 [ 1.51567391e-01 -3.53487331e-02  1.76621024e-01  3.23081674e-03
  -3.87034207e-02  1.59805106e-01  2.35083469e-03 -3.25306292e-02
   1.03460994e-02  4.54796179e-01  2.03685901e-02 -2.10267008e-04
  -2.41068813e-02  2.52866197e-02  3.75522881e-01  9.80600855e-03
  -3.72009913e-02  3.31199009e-03  6.41530494e-02 -3.39218975e-02
   4.60028344e-01]
 [-3.25306299e-02 -5.37960862e-03 -9.40941515e-03  1.96692215e-02
  -7.47183046e-03 -3.15371344e-02 -2.31737360e-03 -1.61230527e-03
   2.18723694e-03  2.03685901e-02  8.54441122e-03 -1.41338620e-03
  -7.93694748e-03 -3.04263201e-03  2.42437420e-02  3.20332967e-03
  -3.59888147e-03 -2.23056079e-03 -3.87006701e-03  3.48675875e-03
   2.16009591e-02]
 [-2.10267089e-04  4.39091472e-03 -3.12875321e-03 -1.01784803e-03
   5.21261893e-03 -6.45514077e-04  1.30588121e-03 -1.41338617e-03
   5.24029916e-04 -2.10267008e-04 -1.41338620e-03  1.68021230e-03
  -2.27772260e-04  4.39091466e-03 -3.12875319e-03 -5.24029927e-04
   2.27772271e-04  8.06129151e-04  1.01784793e-03 -5.21261885e-03
  -6.45513984e-04]
 [ 3.72009920e-02  4.65666255e-03  1.71552964e-02 -1.78244048e-02
   6.79299983e-03  3.83164971e-02  1.38658108e-03  3.59888146e-03
  -3.06046258e-03 -2.41068813e-02 -7.93694748e-03 -2.27772260e-04
   9.63483369e-03 -3.11894310e-04 -2.65321019e-02 -2.80678172e-03
   3.95267158e-03  2.25843637e-03  4.06312098e-03  1.33333253e-04
  -2.52525490e-02]
 [-3.53487334e-02  1.36599447e-02 -4.08720522e-02 -4.03206202e-04
   1.38903062e-02 -3.79210206e-02  1.02412555e-02 -5.37960837e-03
  -6.79706320e-03  2.52866197e-02 -3.04263201e-03  4.39091466e-03
  -3.11894310e-04  1.03463824e-01  5.91218267e-03 -6.19428849e-03
  -4.65666246e-03  1.23691780e-02 -1.95941842e-02 -1.06618423e-01
   1.85082225e-02]
 [ 1.76621026e-01 -4.08720525e-02  1.94431695e-01 -2.59673172e-03
  -4.26153836e-02  1.85423677e-01 -6.12205638e-03 -9.40941492e-03
   6.00514455e-03  3.75522881e-01  2.42437420e-02 -3.12875319e-03
  -2.65321019e-02  5.91218267e-03  4.21873045e-01  7.86890883e-03
  -1.71552960e-02 -6.35064512e-03 -4.96529666e-02 -3.15463445e-03
   3.91527490e-01]
 [-1.03460997e-02  6.79706300e-03 -6.00514423e-03  5.97202033e-03
   6.57726846e-03 -1.05656135e-02 -2.04646214e-04 -2.18723676e-03
   2.36479451e-03  9.80600855e-03  3.20332967e-03 -5.24029927e-04
  -2.80678172e-03 -6.19428849e-03  7.86890883e-03  2.86675523e-03
  -3.06046239e-03  6.74127160e-05  3.95105028e-03  6.58380522e-03
   1.08724627e-02]
 [ 2.41068808e-02  3.11894710e-04  2.65321013e-02  4.06312094e-03
   1.33333687e-04  2.52525485e-02 -1.38658081e-03  7.93694704e-03
  -2.80678152e-03 -3.72009913e-02 -3.59888147e-03  2.27772271e-04
   3.95267158e-03 -4.65666246e-03 -1.71552960e-02 -3.06046239e-03
   9.63483320e-03 -2.25843605e-03 -1.78244043e-02  6.79299967e-03
  -3.83164964e-02]
 [ 3.31199087e-03  1.23691780e-02 -6.35064427e-03 -5.15291125e-03
   1.41499842e-02  2.16705085e-03  2.81355821e-03 -2.23056049e-03
  -6.74129211e-05  3.31199009e-03 -2.23056079e-03  8.06129151e-04
   2.25843637e-03  1.23691780e-02 -6.35064512e-03  6.74127160e-05
  -2.25843605e-03  3.97247345e-03  5.15291087e-03 -1.41499842e-02
   2.16705008e-03]
 [-3.23081667e-03  4.03206236e-04  2.59673171e-03  2.86932351e-03
  -6.83324048e-04 -2.90680457e-03  4.57372119e-03 -1.96692210e-02
   5.97202004e-03  6.41530494e-02 -3.87006701e-03  1.01784793e-03
   4.06312098e-03 -1.95941842e-02 -4.96529666e-02  3.95105028e-03
  -1.78244043e-02  5.15291087e-03  1.20764670e-01  1.02253133e-02
   6.29965088e-02]
 [ 3.87034211e-02 -1.38903062e-02  4.26153834e-02 -6.83324095e-04
  -1.34196609e-02  4.09674467e-02 -1.10286263e-02  7.47183013e-03
   6.57726870e-03 -3.39218975e-02  3.48675875e-03 -5.21261885e-03
   1.33333253e-04 -1.06618423e-01 -3.15463445e-03  6.58380522e-03
   6.79299967e-03 -1.41499842e-02  1.02253133e-02  1.17694434e-01
  -2.71642109e-02]
 [ 1.59805106e-01 -3.79210202e-02  1.85423676e-01  2.90680463e-03
  -4.09674463e-02  1.68348764e-01  1.18650678e-03 -3.15371338e-02
   1.05656132e-02  4.60028344e-01  2.16009591e-02 -6.45513984e-04
  -2.52525490e-02  1.85082225e-02  3.91527490e-01  1.08724627e-02
  -3.83164964e-02  2.16705008e-03  6.29965088e-02 -2.71642109e-02
   4.82365941e-01]]
S matrix 

0.99999999999999944+0.00000000000000000j  -0.99551050969791444+0.00000000000000000j  -0.99674380950986963+0.00000000000000000j  0.10233189172445403+0.00000000000000000j  0.01839021815760329+0.00000000000000000j
-0.99551050969791444+0.00000000000000000j  0.99999999999999889+0.00000000000000000j  0.99741234611567997+0.00000000000000000j  -0.08987244774062397+0.00000000000000000j  -0.00567271943035800+0.00000000000000000j
-0.99674380950986963+0.00000000000000000j  0.99741234611567997+0.00000000000000000j  0.99999999999999833+0.00000000000000000j  -0.08719744740273550+0.00000000000000000j  -0.00470596396452861+0.00000000000000000j
0.10233189172445403+0.00000000000000000j  -0.08987244774062397+0.00000000000000000j  -0.08719744740273550+0.00000000000000000j  1.00000000000000178+0.00000000000000000j  0.56396497398143786+0.00000000000000000j
0.01839021815760329+0.00000000000000000j  -0.00567271943035800+0.00000000000000000j  -0.00470596396452861+0.00000000000000000j  0.56396497398143786+0.00000000000000000j  1.00000000000000044+0.00000000000000000j
H matrix 

-295.64347645584803104+0.00000000000000000j  294.31986499210836428+0.00000000000000000j  294.68416365456272388+0.00000000000000000j  -30.25326065199791969+0.00000000000000000j  -5.43596763617620660+0.00000000000000000j
294.31986499210836428+0.00000000000000000j  -295.64426607943875069+0.00000000000000000j  -294.88193963083381277+0.00000000000000000j  26.57002380628875216+0.00000000000000000j  1.67729607696048078+0.00000000000000000j
294.68416365456266703+0.00000000000000000j  -294.88193963083381277+0.00000000000000000j  -295.64540293554688333+0.00000000000000000j  25.77998277569265184+0.00000000000000000j  1.39136829312476351+0.00000000000000000j
-30.25326065199784864+0.00000000000000000j  26.57002380628872018+0.00000000000000000j  25.77998277569258079+0.00000000000000000j  -295.51823310347378992+0.00000000000000000j  -166.69122874991171557+0.00000000000000000j
-5.43596763617624656+0.00000000000000000j  1.67729607696044170+0.00000000000000000j  1.39136829312476351+0.00000000000000000j  -166.69122874991168715+0.00000000000000000j  -295.51548224841866386+0.00000000000000000j
lowest eigenvalue =  -295.64619586615913
lowest eigenvector = 
 [ 0.22199532+0.j -0.30265256+0.j -0.47643148+0.j -0.00059551+0.j
 -0.00089449+0.j]
LASSI(hand) energy = [-295.5403826  -295.53181411]
SI vector (hand):
[-0.70710678  0.70710678]
